231782.00, 17.48, 
231792.00, 33.71, 
231801.00, 48.06, 
231810.00, 59.64, 
231819.00, 69.19, 
231827.00, 78.22, 
231835.00, 86.06, 
231844.00, 92.70, 
231853.00, 99.80, 
231862.00, 107.73, 
231870.00, 115.67, 
231878.00, 123.94, 
231887.00, 132.95, 
231896.00, 141.88, 
231905.00, 150.08, 
231913.00, 157.63, 
231921.00, 164.54, 
231930.00, 170.58, 
231939.00, 175.88, 
231948.00, 181.10, 
231956.00, 186.57, 
231964.00, 192.44, 
231973.00, 198.97, 
231982.00, 206.16, 
231991.00, 213.92, 
231999.00, 221.60, 
232007.00, 228.80, 
232016.00, 235.51, 
232025.00, 241.41, 
232033.00, 246.27, 
232042.00, 250.43, 
232050.00, 254.41, 
232059.00, 258.79, 
232068.00, 263.42, 
232076.00, 268.14, 
232085.00, 273.38, 
232093.00, 278.58, 
232101.00, 283.31, 
232111.00, 287.62, 
232119.00, 291.45, 
232127.00, 294.69, 
232136.00, 297.49, 
232144.00, 299.88, 
232154.00, 302.27, 
232162.00, 304.65, 
232170.00, 307.12, 
232179.00, 309.14, 
232187.00, 310.14, 
232196.00, 310.22, 
232205.00, 310.17, 
232213.00, 311.06, 
232222.00, 313.26, 
232230.00, 311.67, 
232239.00, 303.18, 
232248.00, 299.91, 
232256.00, 297.15, 
232264.00, 262.59, 
232273.00, 276.30, 
232282.00, 311.78, 
232291.00, 299.73, 
232299.00, 290.37, 
232307.00, 274.39, 
232316.00, 267.09, 
232325.00, 247.24, 
232333.00, 251.08, 
232342.00, 254.34, 
232350.00, 254.47, 
232358.00, 258.82, 
232368.00, 254.04, 
232376.00, 248.64, 
232385.00, 245.86, 
232393.00, 244.42, 
232401.00, 235.18, 
232411.00, 218.90, 
232419.00, 208.58, 
232427.00, 205.22, 
232436.00, 197.78, 
232444.00, 188.64, 
232454.00, 186.76, 
232462.00, 190.41, 
232470.00, 186.92, 
232479.00, 178.70, 
232487.00, 176.40, 
232496.00, 174.37, 
232505.00, 161.46, 
232513.00, 146.20, 
232522.00, 137.47, 
232530.00, 127.77, 
232539.00, 113.60, 
232548.00, 104.17, 
232556.00, 102.87, 
232564.00, 100.12, 
232573.00, 94.03, 
232582.00, 92.28, 
232590.00, 93.21, 
232599.00, 87.65, 
232607.00, 77.04, 
232616.00, 69.24, 
232625.00, 60.94, 
232634.00, 46.28, 
232642.00, 32.33, 
232650.00, 24.87, 
232659.00, 17.24, 
232668.00, 9.32, 
232677.00, 2.97, 
232685.00, 0.49, 
232693.00, -0.23, 
232702.00, 118.63, 
232711.00, 124.35, 
232719.00, 205.96, 
232728.00, 105.82, 
232736.00, 90.42, 
232744.00, 107.54, 
232754.00, 41.49, 
232762.00, 21.06, 
232771.00, -4.98, 
232779.00, -15.28, 
232787.00, -29.31, 
232797.00, -45.63, 
232805.00, -50.61, 
232813.00, -67.79, 
232822.00, -85.50, 
232830.00, -90.94, 
232840.00, -96.32, 
232848.00, -114.36, 
232856.00, -125.78, 
232865.00, -133.29, 
232873.00, -143.44, 
232882.00, -157.43, 
232891.00, -168.89, 
232899.00, -174.03, 
232908.00, -179.86, 
232916.00, -192.05, 
232925.00, -195.47, 
232934.00, -194.73, 
232942.00, -201.50, 
232950.00, -206.51, 
232960.00, -206.20, 
232968.00, -212.12, 
232977.00, -220.06, 
232985.00, -226.48, 
232993.00, -236.92, 
233003.00, -248.96, 
233011.00, -257.68, 
233019.00, -265.13, 
233028.00, -270.24, 
233036.00, -274.61, 
233046.00, -274.66, 
233054.00, -269.10, 
233062.00, -265.98, 
233071.00, -265.73, 
233079.00, -264.33, 
233088.00, -265.12, 
233097.00, -268.81, 
233105.00, -276.33, 
233114.00, -281.13, 
233122.00, -296.07, 
233131.00, -305.14, 
233140.00, -313.80, 
233148.00, -341.56, 
233156.00, -317.88, 
233165.00, -297.97, 
233174.00, -294.81, 
233182.00, -286.56, 
233191.00, -276.07, 
233199.00, -268.66, 
233208.00, -286.21, 
233217.00, -282.89, 
233225.00, -280.97, 
233234.00, -278.26, 
233242.00, -278.54, 
233250.00, -275.13, 
233260.00, -268.25, 
233268.00, -270.99, 
233277.00, -274.68, 
233285.00, -267.42, 
233293.00, -254.12, 
233303.00, -249.70, 
233311.00, -247.57, 
233319.00, -236.11, 
233328.00, -220.43, 
233336.00, -222.68, 
233345.00, -221.84, 
233354.00, -208.94, 
233362.00, -203.86, 
233371.00, -208.34, 
233379.00, -208.57, 
233388.00, -198.91, 
233397.00, -192.31, 
233405.00, -193.03, 
233413.00, -184.84, 
233422.00, -171.30, 
233431.00, -164.25, 
233440.00, -158.23, 
233448.00, -145.89, 
233456.00, -138.12, 
233465.00, -134.99, 
233474.00, -129.53, 
233483.00, -124.08, 
233491.00, -119.85, 
233499.00, -115.57, 
233508.00, -110.73, 
233517.00, -103.05, 
233525.00, -94.90, 
233534.00, -85.71, 
233542.00, -76.01, 
233551.00, -66.79, 
233560.00, -58.02, 
233568.00, -50.00, 
233577.00, -45.29, 
233585.00, -39.55, 
233593.00, -33.64, 
233603.00, -31.37, 
233611.00, -26.94, 
233620.00, -18.61, 
233628.00, -9.04, 
233636.00, -5.05, 
233646.00, 114.95, 
233654.00, -30.95, 
233662.00, 92.04, 
233671.00, -20.97, 
233679.00, 16.25, 
233688.00, 13.99, 
233697.00, 33.58, 
233705.00, 46.34, 
233714.00, 49.97, 
233722.00, 54.61, 
233731.00, 72.72, 
233740.00, 77.50, 
233748.00, 88.32, 
233756.00, 102.38, 
233765.00, 114.32, 
233774.00, 120.28, 
233783.00, 123.85, 
233791.00, 127.21, 
233799.00, 137.87, 
233808.00, 138.01, 
233817.00, 139.96, 
233825.00, 154.11, 
233834.00, 160.92, 
233842.00, 166.38, 
233851.00, 175.71, 
233860.00, 184.24, 
233868.00, 189.38, 
233877.00, 191.61, 
233885.00, 198.51, 
233893.00, 205.14, 
233903.00, 207.48, 
233911.00, 212.53, 
233920.00, 218.10, 
233928.00, 221.96, 
233936.00, 225.07, 
233946.00, 229.87, 
233954.00, 236.83, 
233962.00, 240.72, 
233971.00, 244.51, 
233979.00, 251.52, 
233989.00, 256.37, 
233997.00, 258.84, 
234005.00, 261.58, 
234014.00, 265.28, 
234022.00, 267.68, 
234031.00, 268.37, 
234040.00, 269.41, 
234048.00, 271.60, 
234057.00, 273.84, 
234065.00, 275.03, 
234074.00, 276.07, 
234083.00, 279.43, 
234091.00, 284.14, 
234099.00, 284.73, 
234108.00, 275.46, 
234117.00, 277.44, 
234125.00, 276.72, 
234134.00, 266.16, 
234142.00, 278.91, 
234151.00, 262.66, 
234160.00, 259.10, 
234168.00, 250.44, 
234177.00, 243.52, 
234185.00, 237.77, 
234194.00, 238.42, 
234203.00, 249.92, 
234211.00, 251.24, 
234220.00, 246.94, 
234228.00, 248.33, 
234236.00, 243.90, 
234246.00, 231.27, 
234254.00, 223.35, 
234263.00, 225.28, 
234271.00, 216.38, 
234279.00, 199.84, 
234289.00, 194.35, 
234297.00, 201.60, 
234305.00, 194.43, 
234314.00, 179.46, 
234322.00, 179.43, 
234332.00, 186.91, 
234340.00, 178.31, 
234348.00, 164.24, 
234357.00, 165.78, 
234365.00, 167.00, 
234374.00, 151.55, 
234383.00, 138.31, 
234391.00, 139.16, 
234399.00, 134.05, 
234408.00, 118.13, 
234417.00, 111.60, 
234426.00, 114.17, 
234434.00, 107.40, 
234442.00, 95.52, 
234451.00, 93.51, 
234460.00, 93.86, 
234468.00, 83.51, 
234477.00, 72.21, 
234485.00, 69.21, 
234494.00, 63.18, 
234503.00, 49.48, 
234511.00, 40.60, 
234520.00, 37.68, 
234528.00, 30.16, 
234536.00, 19.92, 
234546.00, 15.68, 
234554.00, 9.75, 
234563.00, -8.97, 
234571.00, -27.80, 
234579.00, 27.77, 
234589.00, -97.44, 
234597.00, -55.47, 
234605.00, -96.66, 
234614.00, -61.95, 
234622.00, -125.89, 
234632.00, -95.17, 
234640.00, -90.12, 
234648.00, -91.19, 
234657.00, -95.21, 
234665.00, -114.70, 
234674.00, -113.08, 
234683.00, -106.15, 
234691.00, -112.96, 
234700.00, -118.68, 
234708.00, -111.90, 
234717.00, -115.08, 
234726.00, -123.64, 
234734.00, -131.12, 
234742.00, -136.22, 
234752.00, -146.28, 
234760.00, -158.61, 
234768.00, -165.77, 
234777.00, -165.83, 
234785.00, -172.72, 
234795.00, -179.29, 
234803.00, -177.31, 
234811.00, -178.49, 
234820.00, -188.12, 
234828.00, -193.15, 
234836.00, -197.71, 
234846.00, -208.25, 
234854.00, -217.38, 
234863.00, -221.37, 
234871.00, -225.62, 
234880.00, -230.62, 
234890.00, -233.57, 
234899.00, -235.68, 
234907.00, -238.20, 
234915.00, -242.04, 
234925.00, -244.19, 
234933.00, -245.04, 
234942.00, -249.51, 
234950.00, -254.17, 
234958.00, -255.30, 
234968.00, -259.28, 
234976.00, -264.15, 
234984.00, -266.42, 
234993.00, -268.08, 
235001.00, -269.45, 
235011.00, -270.36, 
235019.00, -267.14, 
235027.00, -265.12, 
235036.00, -272.48, 
235044.00, -267.40, 
235053.00, -263.78, 
235062.00, -258.62, 
235070.00, -248.62, 
235079.00, -253.48, 
235087.00, -259.93, 
235096.00, -254.32, 
235105.00, -228.65, 
235113.00, -223.48, 
235122.00, -231.57, 
235130.00, -236.44, 
235139.00, -229.02, 
235148.00, -225.26, 
235156.00, -230.79, 
235164.00, -226.67, 
235173.00, -209.47, 
235182.00, -200.92, 
235191.00, -206.34, 
235199.00, -203.78, 
235207.00, -186.16, 
235216.00, -182.64, 
235225.00, -195.14, 
235234.00, -189.04, 
235242.00, -168.17, 
235250.00, -163.96, 
235259.00, -169.20, 
235268.00, -159.20, 
235276.00, -146.18, 
235285.00, -145.62, 
235293.00, -148.55, 
235302.00, -137.60, 
235311.00, -126.89, 
235319.00, -128.10, 
235328.00, -125.21, 
235336.00, -113.00, 
235344.00, -104.37, 
235354.00, -101.26, 
235362.00, -95.58, 
235370.00, -85.78, 
235379.00, -78.29, 
235387.00, -74.90, 
235397.00, -68.70, 
235405.00, -59.06, 
235413.00, -52.69, 
235422.00, -47.94, 
235430.00, -40.69, 
235439.00, -32.71, 
235448.00, -26.33, 
235456.00, -21.27, 
235465.00, -18.28, 
235473.00, -16.08, 
235482.00, -12.32, 
235491.00, 19.93, 
235499.00, -103.43, 
235507.00, -5.33, 
235516.00, -117.19, 
235525.00, -85.79, 
235533.00, -144.11, 
235542.00, -72.91, 
235550.00, -26.02, 
235559.00, -17.73, 
235568.00, 11.61, 
235576.00, 40.04, 
235585.00, 58.38, 
235593.00, 68.59, 
235601.00, 81.44, 
235611.00, 98.87, 
235619.00, 103.49, 
235628.00, 101.23, 
235636.00, 107.85, 
235644.00, 120.28, 
235654.00, 122.05, 
235662.00, 125.25, 
235670.00, 141.13, 
235679.00, 153.30, 
235687.00, 157.02, 
235697.00, 161.28, 
235705.00, 171.12, 
235713.00, 178.35, 
235722.00, 176.11, 
235730.00, 180.01, 
235739.00, 189.75, 
235748.00, 192.06, 
235756.00, 193.49, 
235764.00, 200.01, 
235773.00, 207.05, 
235782.00, 211.37, 
235791.00, 213.65, 
235799.00, 220.91, 
235807.00, 226.92, 
235816.00, 228.16, 
235825.00, 230.71, 
235833.00, 235.01, 
235842.00, 238.50, 
235850.00, 239.55, 
235859.00, 240.79, 
235868.00, 244.47, 
235876.00, 246.53, 
235885.00, 247.64, 
235893.00, 249.72, 
235901.00, 252.48, 
235911.00, 256.36, 
235919.00, 259.92, 
235928.00, 259.77, 
235936.00, 252.60, 
235944.00, 250.53, 
235954.00, 247.15, 
235962.00, 247.05, 
235971.00, 210.84, 
235979.00, 240.52, 
235987.00, 235.76, 
235997.00, 238.70, 
236005.00, 234.71, 
236013.00, 231.65, 
236022.00, 229.21, 
236030.00, 231.73, 
236040.00, 228.03, 
236048.00, 225.23, 
236056.00, 225.28, 
236065.00, 224.09, 
236073.00, 213.96, 
236082.00, 201.35, 
236091.00, 203.94, 
236099.00, 202.36, 
236108.00, 188.53, 
236116.00, 179.54, 
236125.00, 186.52, 
236134.00, 187.01, 
236142.00, 172.87, 
236150.00, 165.37, 
236160.00, 170.77, 
236168.00, 168.39, 
236176.00, 152.13, 
236185.00, 147.01, 
236193.00, 151.81, 
236203.00, 142.22, 
236211.00, 125.37, 
236219.00, 123.09, 
236228.00, 123.58, 
236236.00, 111.13, 
236244.00, 99.31, 
236254.00, 101.29, 
236262.00, 100.73, 
236271.00, 88.45, 
236279.00, 80.86, 
236288.00, 83.37, 
236297.00, 76.74, 
236305.00, 62.22, 
236313.00, 57.01, 
236322.00, 55.23, 
236331.00, 44.09, 
236340.00, 32.54, 
236348.00, 29.87, 
236356.00, 26.00, 
236365.00, 16.34, 
236374.00, 7.44, 
236382.00, 2.33, 
236391.00, -7.48, 
236399.00, -18.20, 
236407.00, -132.51, 
236417.00, -91.51, 
236425.00, -161.78, 
236434.00, -71.07, 
236442.00, -101.06, 
236450.00, -108.70, 
236460.00, -110.76, 
236468.00, -99.53, 
236476.00, -89.87, 
236485.00, -98.29, 
236493.00, -107.18, 
236503.00, -98.55, 
236511.00, -101.44, 
236519.00, -106.56, 
236528.00, -104.41, 
236536.00, -101.09, 
236545.00, -108.90, 
236554.00, -121.14, 
236562.00, -126.66, 
236570.00, -131.95, 
236579.00, -146.79, 
236588.00, -158.02, 
236596.00, -157.45, 
236605.00, -160.96, 
236613.00, -169.59, 
236622.00, -168.78, 
236631.00, -166.54, 
236639.00, -172.65, 
236648.00, -180.50, 
236656.00, -182.85, 
236665.00, -186.99, 
236674.00, -196.05, 
236682.00, -203.42, 
236691.00, -205.46, 
236699.00, -210.12, 
236707.00, -218.45, 
236717.00, -220.32, 
236725.00, -219.91, 
236734.00, -224.29, 
236742.00, -226.96, 
236750.00, -226.05, 
236760.00, -226.51, 
236768.00, -229.69, 
236776.00, -232.54, 
236785.00, -233.43, 
236793.00, -236.25, 
236803.00, -241.48, 
236811.00, -242.65, 
236819.00, -241.51, 
236828.00, -241.05, 
236836.00, -243.17, 
236845.00, -249.97, 
236854.00, -246.82, 
236862.00, -242.19, 
236871.00, -236.46, 
236879.00, -262.40, 
236888.00, -222.77, 
236897.00, -225.92, 
236905.00, -227.43, 
236913.00, -225.30, 
236922.00, -220.14, 
236931.00, -221.85, 
236940.00, -232.75, 
236948.00, -223.47, 
236956.00, -210.82, 
236965.00, -211.41, 
236974.00, -215.19, 
236983.00, -202.20, 
236991.00, -184.99, 
236999.00, -188.25, 
237008.00, -192.57, 
237017.00, -176.74, 
237025.00, -161.24, 
237034.00, -166.38, 
237042.00, -172.17, 
237051.00, -155.16, 
237060.00, -142.62, 
237068.00, -147.58, 
237077.00, -147.87, 
237085.00, -133.94, 
237093.00, -128.89, 
237103.00, -132.50, 
237111.00, -126.82, 
237119.00, -114.58, 
237128.00, -109.71, 
237136.00, -108.83, 
237146.00, -102.01, 
237154.00, -93.26, 
237162.00, -89.57, 
237171.00, -85.95, 
237179.00, -79.49, 
237188.00, -72.92, 
237197.00, -67.76, 
237205.00, -61.90, 
237214.00, -53.94, 
237222.00, -46.76, 
237231.00, -39.26, 
237240.00, -32.85, 
237248.00, -27.07, 
237256.00, -18.33, 
237265.00, -12.12, 
237274.00, -1.42, 
237283.00, -1.21, 
237291.00, 7.99, 
237299.00, -112.53, 
237308.00, -22.76, 
237317.00, -135.98, 
237325.00, -64.95, 
237334.00, -138.55, 
237342.00, -81.50, 
237350.00, -33.74, 
237360.00, -25.93, 
237368.00, 6.45, 
237377.00, 22.91, 
237385.00, 48.20, 
237393.00, 52.72, 
237403.00, 61.25, 
237411.00, 80.11, 
237419.00, 88.42, 
237428.00, 88.27, 
237436.00, 89.63, 
237446.00, 107.86, 
237454.00, 118.29, 
237462.00, 121.10, 
237471.00, 134.40, 
237479.00, 148.80, 
237488.00, 152.56, 
237497.00, 151.00, 
237505.00, 157.43, 
237514.00, 165.65, 
237522.00, 163.08, 
237531.00, 163.98, 
237540.00, 173.11, 
237548.00, 180.32, 
237556.00, 184.89, 
237565.00, 188.17, 
237574.00, 196.28, 
237583.00, 201.55, 
237591.00, 200.92, 
237599.00, 204.42, 
237608.00, 209.62, 
237619.00, 210.75, 
237627.00, 211.85, 
237635.00, 214.31, 
237644.00, 217.34, 
237652.00, 218.60, 
237662.00, 218.56, 
237670.00, 220.95, 
237678.00, 223.90, 
237687.00, 225.73, 
237696.00, 228.19, 
237704.00, 234.12, 
237713.00, 234.79, 
237721.00, 227.54, 
237730.00, 230.51, 
237739.00, 229.37, 
237747.00, 232.15, 
237756.00, 217.02, 
237764.00, 224.39, 
237773.00, 240.45, 
237782.00, 238.16, 
237790.00, 231.40, 
237799.00, 226.97, 
237807.00, 224.63, 
237815.00, 219.49, 
237825.00, 214.77, 
237833.00, 204.83, 
237842.00, 200.80, 
237850.00, 201.19, 
237858.00, 189.63, 
237868.00, 178.51, 
237876.00, 179.51, 
237885.00, 182.56, 
237893.00, 175.92, 
237901.00, 164.33, 
237911.00, 166.34, 
237919.00, 172.15, 
237927.00, 162.84, 
237936.00, 152.93, 
237944.00, 157.85, 
237954.00, 158.13, 
237962.00, 145.37, 
237970.00, 138.61, 
237979.00, 141.82, 
237987.00, 136.00, 
237996.00, 119.72, 
238005.00, 114.70, 
238013.00, 117.47, 
238021.00, 106.71, 
238030.00, 93.42, 
238039.00, 94.61, 
238048.00, 94.80, 
238056.00, 83.90, 
238064.00, 75.56, 
238073.00, 77.12, 
238082.00, 72.75, 
238090.00, 59.43, 
238099.00, 53.18, 
238107.00, 52.60, 
238116.00, 42.94, 
238125.00, 30.53, 
238133.00, 27.56, 
238142.00, 24.77, 
238150.00, 15.34, 
238158.00, 12.53, 
238168.00, 18.85, 
238176.00, 16.38, 
238184.00, 1.63, 
238193.00, -117.38, 
238201.00, -49.30, 
238211.00, -118.95, 
238219.00, -38.00, 
238227.00, -72.99, 
238236.00, -89.86, 
238244.00, -102.98, 
238253.00, -99.00, 
238262.00, -83.44, 
238270.00, -99.81, 
238279.00, -111.28, 
238287.00, -101.05, 
238296.00, -99.86, 
238305.00, -105.90, 
238315.00, -101.13, 
238323.00, -95.82, 
238332.00, -104.63, 
238341.00, -116.12, 
238349.00, -119.42, 
238358.00, -125.87, 
238366.00, -141.15, 
238374.00, -150.40, 
238384.00, -148.33, 
238392.00, -149.29, 
238401.00, -158.83, 
238409.00, -158.72, 
238417.00, -155.28, 
238427.00, -162.51, 
238435.00, -170.49, 
238443.00, -170.44, 
238452.00, -173.90, 
238460.00, -183.10, 
238469.00, -188.54, 
238478.00, -189.66, 
238486.00, -194.13, 
238495.00, -201.98, 
238503.00, -203.92, 
238512.00, -202.89, 
238521.00, -206.89, 
238529.00, -210.16, 
238537.00, -208.69, 
238546.00, -208.44, 
238555.00, -211.48, 
238564.00, -213.66, 
238572.00, -213.47, 
238580.00, -214.98, 
238589.00, -218.84, 
238598.00, -217.28, 
238606.00, -217.08, 
238615.00, -223.13, 
238623.00, -223.57, 
238632.00, -223.77, 
238641.00, -215.72, 
238649.00, -241.65, 
238658.00, -220.53, 
238666.00, -204.38, 
238674.00, -201.36, 
238684.00, -190.91, 
238692.00, -185.24, 
238701.00, -185.00, 
238709.00, -197.23, 
238717.00, -195.62, 
238727.00, -188.42, 
238735.00, -189.04, 
238743.00, -194.24, 
238752.00, -187.46, 
238760.00, -173.91, 
238770.00, -173.17, 
238778.00, -178.72, 
238786.00, -171.95, 
238795.00, -159.66, 
238803.00, -160.45, 
238813.00, -166.08, 
238821.00, -159.55, 
238829.00, -147.82, 
238838.00, -150.45, 
238846.00, -150.45, 
238855.00, -138.90, 
238864.00, -128.92, 
238872.00, -130.07, 
238881.00, -128.19, 
238889.00, -114.82, 
238898.00, -105.70, 
238907.00, -103.81, 
238915.00, -96.73, 
238923.00, -87.18, 
238932.00, -82.08, 
238941.00, -79.09, 
238950.00, -72.31, 
238958.00, -64.58, 
238966.00, -62.12, 
238976.00, -57.89, 
238984.00, -51.07, 
238992.00, -44.93, 
239001.00, -38.90, 
239009.00, -32.45, 
239019.00, -26.06, 
239027.00, -18.01, 
239035.00, -11.32, 
239045.00, -4.24, 
239054.00, 6.22, 
239063.00, 32.88, 
239072.00, -93.55, 
239080.00, -2.74, 
239088.00, -120.72, 
239097.00, -92.25, 
239106.00, -152.50, 
239114.00, -92.14, 
239123.00, -43.76, 
239131.00, -32.23, 
239140.00, 5.99, 
239149.00, 28.03, 
239157.00, 53.31, 
239166.00, 57.09, 
239174.00, 64.46, 
239182.00, 81.83, 
239192.00, 86.88, 
239200.00, 85.13, 
239209.00, 83.14, 
239217.00, 100.19, 
239225.00, 111.89, 
239235.00, 113.55, 
239243.00, 126.45, 
239251.00, 140.92, 
239260.00, 144.18, 
239268.00, 141.84, 
239277.00, 146.94, 
239286.00, 157.70, 
239294.00, 156.59, 
239303.00, 154.92, 
239311.00, 160.98, 
239320.00, 166.68, 
239329.00, 168.28, 
239337.00, 167.28, 
239345.00, 173.04, 
239354.00, 181.43, 
239363.00, 182.32, 
239371.00, 185.76, 
239380.00, 193.84, 
239388.00, 198.11, 
239397.00, 199.28, 
239406.00, 199.10, 
239414.00, 202.00, 
239423.00, 204.16, 
239431.00, 201.73, 
239440.00, 201.29, 
239449.00, 203.21, 
239457.00, 205.83, 
239466.00, 210.01, 
239474.00, 208.43, 
239482.00, 203.07, 
239492.00, 207.20, 
239500.00, 208.29, 
239509.00, 208.99, 
239517.00, 196.14, 
239525.00, 211.35, 
239535.00, 207.85, 
239543.00, 200.13, 
239551.00, 192.84, 
239560.00, 182.70, 
239568.00, 175.13, 
239578.00, 176.94, 
239586.00, 182.93, 
239594.00, 178.55, 
239603.00, 177.82, 
239611.00, 180.69, 
239620.00, 177.67, 
239629.00, 167.69, 
239637.00, 161.27, 
239646.00, 165.79, 
239654.00, 161.47, 
239663.00, 148.46, 
239672.00, 148.19, 
239680.00, 154.76, 
239688.00, 149.08, 
239697.00, 138.00, 
239706.00, 137.51, 
239715.00, 140.14, 
239723.00, 131.49, 
239731.00, 121.70, 
239740.00, 125.00, 
239749.00, 124.60, 
239757.00, 110.02, 
239766.00, 104.27, 
239776.00, 106.55, 
239784.00, 96.04, 
239794.00, 83.63, 
239802.00, 83.89, 
239810.00, 83.22, 
239819.00, 72.13, 
239827.00, 64.51, 
239837.00, 66.26, 
239845.00, 62.27, 
239853.00, 49.88, 
239862.00, 44.81, 
239870.00, 45.08, 
239880.00, 36.26, 
239888.00, 24.39, 
239896.00, 21.50, 
239905.00, 17.71, 
239913.00, 6.45, 
239923.00, -10.00, 
239931.00, -17.40, 
239939.00, -131.89, 
239948.00, -29.37, 
239956.00, -87.94, 
239965.00, -3.08, 
239974.00, -13.07, 
239982.00, -35.40, 
239991.00, -69.28, 
240000.00, -66.13, 
240010.00, -67.31, 
240018.00, -85.48, 
240027.00, -96.70, 
240035.00, -86.00, 
240045.00, -85.70, 
240053.00, -91.48, 
240061.00, -89.42, 
240070.00, -82.29, 
240078.00, -88.28, 
240087.00, -99.33, 
240096.00, -103.45, 
240104.00, -107.26, 
240112.00, -120.78, 
240121.00, -132.60, 
240130.00, -132.30, 
240139.00, -133.22, 
240147.00, -143.24, 
240155.00, -145.44, 
240164.00, -140.80, 
240173.00, -145.71, 
240181.00, -153.39, 
240190.00, -154.22, 
240198.00, -154.33, 
240207.00, -161.48, 
240216.00, -168.74, 
240224.00, -170.32, 
240233.00, -173.34, 
240241.00, -181.87, 
240249.00, -186.37, 
240259.00, -184.66, 
240267.00, -186.95, 
240276.00, -190.51, 
240284.00, -189.70, 
240292.00, -187.22, 
240302.00, -188.38, 
240310.00, -192.65, 
240318.00, -192.93, 
240327.00, -191.67, 
240335.00, -192.30, 
240345.00, -195.87, 
240353.00, -202.60, 
240361.00, -198.63, 
240370.00, -201.42, 
240378.00, -198.62, 
240387.00, -205.20, 
240396.00, -192.89, 
240404.00, -191.45, 
240413.00, -194.59, 
240421.00, -193.13, 
240430.00, -184.08, 
240439.00, -174.11, 
240447.00, -177.40, 
240455.00, -182.61, 
240464.00, -174.71, 
240473.00, -172.61, 
240482.00, -178.35, 
240490.00, -180.07, 
240498.00, -165.99, 
240507.00, -156.60, 
240516.00, -163.78, 
240524.00, -167.77, 
240533.00, -155.80, 
240541.00, -148.22, 
240549.00, -152.99, 
240559.00, -150.75, 
240567.00, -137.16, 
240577.00, -130.80, 
240586.00, -133.34, 
240594.00, -126.26, 
240603.00, -116.46, 
240612.00, -114.43, 
240620.00, -115.81, 
240629.00, -109.94, 
240637.00, -102.00, 
240646.00, -98.34, 
240655.00, -94.60, 
240663.00, -86.36, 
240671.00, -78.61, 
240680.00, -74.43, 
240689.00, -69.36, 
240698.00, -63.53, 
240706.00, -58.47, 
240714.00, -54.42, 
240723.00, -50.53, 
240732.00, -45.68, 
240740.00, -40.07, 
240749.00, -35.60, 
240757.00, -31.29, 
240766.00, -23.88, 
240775.00, -16.88, 
240783.00, -5.30, 
240792.00, -2.28, 
240800.00, 6.17, 
240808.00, -60.91, 
240818.00, 66.09, 
240826.00, 49.46, 
240835.00, 134.87, 
240843.00, 86.60, 
240851.00, 91.11, 
240861.00, 55.47, 
240869.00, 76.29, 
240877.00, 50.46, 
240886.00, 67.74, 
240894.00, 88.09, 
240904.00, 81.47, 
240912.00, 82.07, 
240920.00, 80.11, 
240929.00, 86.86, 
240937.00, 83.78, 
240946.00, 73.04, 
240955.00, 86.08, 
240963.00, 95.98, 
240972.00, 96.80, 
240980.00, 101.23, 
240989.00, 114.77, 
240998.00, 125.99, 
241006.00, 123.83, 
241014.00, 126.48, 
241024.00, 137.12, 
241032.00, 142.52, 
241041.00, 142.24, 
241049.00, 142.04, 
241057.00, 150.25, 
241067.00, 154.42, 
241075.00, 150.83, 
241083.00, 154.29, 
241092.00, 161.72, 
241100.00, 165.23, 
241110.00, 168.00, 
241118.00, 172.19, 
241126.00, 179.77, 
241135.00, 183.33, 
241143.00, 182.30, 
241152.00, 184.17, 
241161.00, 186.19, 
241169.00, 186.85, 
241178.00, 185.65, 
241186.00, 184.91, 
241195.00, 188.15, 
241204.00, 191.69, 
241212.00, 188.69, 
241220.00, 183.74, 
241229.00, 187.66, 
241238.00, 189.24, 
241247.00, 191.49, 
241255.00, 188.30, 
241263.00, 184.01, 
241272.00, 187.15, 
241281.00, 185.47, 
241290.00, 184.51, 
241298.00, 183.55, 
241306.00, 179.01, 
241315.00, 178.48, 
241324.00, 173.29, 
241332.00, 172.48, 
241341.00, 167.93, 
241349.00, 167.27, 
241358.00, 166.69, 
241367.00, 157.29, 
241375.00, 149.64, 
241385.00, 155.92, 
241394.00, 155.15, 
241402.00, 147.12, 
241412.00, 144.29, 
241420.00, 146.63, 
241428.00, 139.24, 
241437.00, 129.60, 
241445.00, 128.84, 
241455.00, 128.55, 
241463.00, 117.25, 
241471.00, 109.43, 
241480.00, 113.49, 
241488.00, 110.48, 
241497.00, 98.29, 
241506.00, 94.46, 
241514.00, 97.91, 
241523.00, 90.67, 
241531.00, 78.00, 
241540.00, 76.42, 
241549.00, 77.24, 
241557.00, 66.50, 
241565.00, 56.92, 
241574.00, 58.35, 
241583.00, 55.77, 
241591.00, 44.26, 
241600.00, 38.74, 
241608.00, 40.06, 
241617.00, 33.06, 
241626.00, 22.67, 
241634.00, 16.18, 
241643.00, 12.12, 
241651.00, -3.67, 
241659.00, -19.25, 
241669.00, -48.67, 
241677.00, 38.39, 
241685.00, 15.03, 
241694.00, 33.71, 
241702.00, 35.98, 
241712.00, 90.91, 
241720.00, 14.44, 
241728.00, 1.48, 
241737.00, -13.11, 
241745.00, -39.32, 
241755.00, -49.84, 
241763.00, -59.80, 
241771.00, -64.39, 
241780.00, -72.32, 
241788.00, -81.03, 
241797.00, -76.31, 
241806.00, -70.99, 
241814.00, -85.19, 
241823.00, -96.46, 
241831.00, -93.88, 
241840.00, -103.75, 
241849.00, -119.99, 
241857.00, -119.75, 
241865.00, -118.53, 
241874.00, -126.09, 
241883.00, -133.75, 
241891.00, -132.77, 
241900.00, -130.23, 
241908.00, -137.07, 
241917.00, -143.51, 
241926.00, -140.29, 
241934.00, -142.05, 
241943.00, -152.64, 
241951.00, -155.14, 
241959.00, -154.55, 
241969.00, -162.84, 
241977.00, -169.87, 
241985.00, -169.30, 
241994.00, -169.25, 
242002.00, -172.61, 
242012.00, -174.75, 
242020.00, -171.61, 
242028.00, -170.40, 
242037.00, -174.22, 
242045.00, -175.75, 
242055.00, -173.40, 
242063.00, -172.06, 
242071.00, -178.62, 
242080.00, -185.85, 
242088.00, -180.49, 
242097.00, -182.22, 
242106.00, -183.64, 
242114.00, -185.25, 
242123.00, -179.00, 
242131.00, -173.43, 
242140.00, -181.46, 
242149.00, -184.94, 
242157.00, -168.04, 
242165.00, -160.50, 
242174.00, -160.13, 
242183.00, -164.03, 
242192.00, -162.70, 
242200.00, -155.88, 
242208.00, -160.60, 
242217.00, -167.30, 
242226.00, -154.92, 
242234.00, -142.58, 
242243.00, -143.56, 
242251.00, -151.30, 
242259.00, -146.94, 
242272.00, -136.22, 
242281.00, -137.05, 
242289.00, -134.04, 
242298.00, -123.47, 
242307.00, -117.40, 
242315.00, -118.70, 
242324.00, -115.35, 
242332.00, -107.43, 
242340.00, -106.14, 
242350.00, -105.91, 
242358.00, -102.00, 
242367.00, -95.70, 
242375.00, -91.21, 
242383.00, -87.39, 
242394.00, -80.50, 
242403.00, -73.75, 
242413.00, -67.74, 
242421.00, -62.62, 
242430.00, -56.86, 
242439.00, -52.05, 
242447.00, -47.65, 
242456.00, -43.39, 
242464.00, -39.58, 
242473.00, -34.51, 
242482.00, -29.67, 
242490.00, -24.92, 
242499.00, -20.51, 
242507.00, -14.21, 
242515.00, -14.42, 
242525.00, -8.77, 
242533.00, 20.29, 
242542.00, 113.75, 
242550.00, 132.58, 
242558.00, 135.00, 
242568.00, 101.42, 
242576.00, 120.81, 
242584.00, 84.45, 
242593.00, 99.02, 
242601.00, 69.65, 
242611.00, 84.06, 
242619.00, 92.98, 
242627.00, 89.49, 
242636.00, 89.43, 
242644.00, 82.93, 
242654.00, 87.67, 
242662.00, 80.83, 
242670.00, 70.64, 
242679.00, 82.12, 
242688.00, 92.70, 
242697.00, 94.33, 
242705.00, 97.41, 
242713.00, 109.17, 
242722.00, 121.48, 
242731.00, 119.55, 
242739.00, 120.66, 
242748.00, 129.90, 
242756.00, 135.70, 
242765.00, 134.90, 
242774.00, 132.82, 
242782.00, 140.00, 
242791.00, 144.37, 
242799.00, 140.68, 
242807.00, 141.76, 
242817.00, 147.97, 
242825.00, 152.94, 
242834.00, 154.78, 
242842.00, 156.70, 
242850.00, 163.90, 
242860.00, 167.90, 
242868.00, 166.35, 
242876.00, 167.27, 
242885.00, 169.69, 
242893.00, 171.46, 
242903.00, 170.29, 
242911.00, 168.97, 
242919.00, 172.02, 
242928.00, 174.73, 
242936.00, 169.54, 
242945.00, 164.89, 
242954.00, 171.55, 
242962.00, 172.87, 
242971.00, 172.50, 
242979.00, 172.04, 
242988.00, 163.05, 
242997.00, 161.92, 
243005.00, 153.11, 
243013.00, 150.48, 
243022.00, 148.15, 
243031.00, 146.17, 
243040.00, 146.96, 
243048.00, 147.18, 
243056.00, 149.32, 
243065.00, 144.89, 
243074.00, 146.25, 
243082.00, 146.73, 
243091.00, 139.26, 
243099.00, 131.37, 
243107.00, 130.53, 
243117.00, 134.18, 
243125.00, 130.60, 
243134.00, 125.61, 
243142.00, 129.87, 
243150.00, 126.36, 
243160.00, 117.35, 
243168.00, 113.20, 
243176.00, 114.41, 
243185.00, 109.73, 
243193.00, 99.12, 
243203.00, 98.16, 
243211.00, 101.30, 
243219.00, 92.03, 
243228.00, 82.53, 
243236.00, 84.72, 
243245.00, 83.33, 
243254.00, 72.08, 
243262.00, 66.23, 
243271.00, 67.96, 
243279.00, 63.18, 
243288.00, 52.12, 
243297.00, 48.85, 
243305.00, 50.27, 
243313.00, 42.30, 
243322.00, 32.22, 
243331.00, 31.82, 
243340.00, 29.53, 
243348.00, 19.99, 
243356.00, 11.43, 
243365.00, 5.11, 
243374.00, -5.42, 
243382.00, -18.46, 
243391.00, 65.65, 
243399.00, 100.25, 
243408.00, 118.25, 
243417.00, 58.53, 
243425.00, 62.53, 
243434.00, 126.10, 
243442.00, 49.36, 
243450.00, 40.49, 
243460.00, 11.82, 
243468.00, -18.23, 
243477.00, -42.27, 
243485.00, -47.75, 
243493.00, -45.19, 
243503.00, -49.51, 
243511.00, -64.27, 
243519.00, -65.58, 
243528.00, -60.91, 
243536.00, -76.38, 
243546.00, -89.72, 
243554.00, -87.96, 
243562.00, -95.87, 
243571.00, -111.88, 
243579.00, -114.35, 
243588.00, -112.82, 
243597.00, -117.60, 
243605.00, -125.37, 
243614.00, -125.83, 
243622.00, -121.47, 
243631.00, -127.07, 
243640.00, -134.31, 
243648.00, -131.46, 
243656.00, -131.46, 
243665.00, -141.47, 
243674.00, -145.27, 
243683.00, -143.69, 
243691.00, -150.00, 
243699.00, -156.99, 
243708.00, -157.12, 
243717.00, -155.95, 
243725.00, -157.98, 
243734.00, -161.07, 
243742.00, -159.25, 
243751.00, -156.85, 
243760.00, -159.71, 
243768.00, -161.55, 
243777.00, -159.79, 
243785.00, -157.12, 
243793.00, -163.83, 
243803.00, -172.53, 
243811.00, -167.23, 
243819.00, -166.12, 
243828.00, -165.72, 
243836.00, -169.83, 
243846.00, -196.22, 
243854.00, -165.35, 
243862.00, -160.90, 
243871.00, -160.02, 
243879.00, -153.21, 
243888.00, -141.63, 
243897.00, -139.74, 
243905.00, -144.49, 
243913.00, -145.40, 
243922.00, -136.75, 
243931.00, -141.51, 
243940.00, -149.53, 
243948.00, -147.45, 
243956.00, -132.91, 
243965.00, -127.77, 
243974.00, -135.00, 
243982.00, -133.68, 
243991.00, -122.91, 
243999.00, -118.17, 
244012.00, -119.35, 
244020.00, -110.23, 
244029.00, -102.35, 
244037.00, -101.45, 
244046.00, -99.74, 
244055.00, -94.46, 
244063.00, -89.77, 
244072.00, -89.96, 
244080.00, -88.26, 
244088.00, -82.13, 
244098.00, -78.56, 
244106.00, -75.51, 
244115.00, -69.29, 
244123.00, -63.06, 
244131.00, -58.32, 
244141.00, -53.01, 
244149.00, -48.23, 
244157.00, -43.59, 
244166.00, -39.47, 
244174.00, -35.41, 
244184.00, -31.72, 
244192.00, -27.80, 
244202.00, -20.50, 
244210.00, -8.73, 
244219.00, -3.60, 
244228.00, 5.63, 
244237.00, -114.33, 
244245.00, 21.94, 
244253.00, 7.83, 
244262.00, 107.27, 
244271.00, 55.96, 
244279.00, 57.59, 
244288.00, 25.40, 
244296.00, 51.49, 
244305.00, 31.08, 
244314.00, 50.67, 
244322.00, 69.75, 
244331.00, 62.80, 
244339.00, 65.70, 
244347.00, 64.81, 
244357.00, 71.70, 
244365.00, 68.75, 
244374.00, 58.04, 
244382.00, 67.31, 
244390.00, 75.15, 
244400.00, 72.65, 
244408.00, 72.72, 
244416.00, 85.05, 
244425.00, 98.21, 
244433.00, 96.75, 
244442.00, 98.58, 
244451.00, 109.55, 
244459.00, 116.89, 
244468.00, 117.02, 
244476.00, 114.48, 
244485.00, 122.14, 
244494.00, 128.47, 
244502.00, 124.67, 
244510.00, 125.55, 
244519.00, 132.80, 
244530.00, 136.14, 
244538.00, 136.99, 
244547.00, 139.68, 
244555.00, 145.75, 
244564.00, 150.46, 
244573.00, 148.68, 
244581.00, 149.17, 
244590.00, 152.13, 
244598.00, 153.90, 
244606.00, 154.07, 
244616.00, 155.61, 
244624.00, 155.09, 
244633.00, 153.03, 
244641.00, 153.43, 
244649.00, 153.15, 
244659.00, 155.15, 
244667.00, 154.94, 
244675.00, 146.74, 
244684.00, 158.07, 
244692.00, 172.65, 
244702.00, 173.95, 
244710.00, 168.65, 
244718.00, 164.46, 
244727.00, 161.74, 
244736.00, 160.79, 
244744.00, 154.44, 
244753.00, 155.26, 
244761.00, 154.02, 
244770.00, 151.53, 
244779.00, 143.70, 
244787.00, 134.00, 
244796.00, 129.91, 
244804.00, 130.96, 
244812.00, 126.59, 
244822.00, 122.27, 
244830.00, 124.73, 
244838.00, 122.67, 
244847.00, 114.93, 
244855.00, 110.92, 
244865.00, 113.23, 
244873.00, 109.63, 
244881.00, 100.82, 
244890.00, 99.60, 
244898.00, 101.89, 
244907.00, 95.47, 
244916.00, 86.78, 
244924.00, 87.79, 
244932.00, 86.74, 
244941.00, 77.26, 
244950.00, 71.41, 
244959.00, 73.00, 
244967.00, 69.03, 
244975.00, 59.08, 
244984.00, 55.41, 
244993.00, 56.32, 
245002.00, 49.56, 
245010.00, 40.29, 
245018.00, 39.20, 
245027.00, 38.26, 
245036.00, 29.20, 
245044.00, 23.17, 
245053.00, 23.51, 
245061.00, 19.74, 
245070.00, 6.28, 
245079.00, 1.38, 
245087.00, 119.86, 
245096.00, 124.97, 
245104.00, 142.61, 
245112.00, 63.74, 
245122.00, 81.19, 
245130.00, 131.44, 
245139.00, 56.74, 
245147.00, 55.03, 
245155.00, 21.51, 
245165.00, -13.03, 
245173.00, -38.89, 
245181.00, -38.89, 
245190.00, -34.84, 
245198.00, -41.28, 
245208.00, -52.87, 
245216.00, -52.21, 
245224.00, -48.46, 
245233.00, -64.82, 
245241.00, -76.29, 
245251.00, -73.59, 
245259.00, -81.79, 
245267.00, -95.60, 
245276.00, -98.53, 
245284.00, -98.19, 
245293.00, -102.44, 
245302.00, -109.89, 
245310.00, -110.83, 
245318.00, -106.61, 
245327.00, -111.67, 
245336.00, -118.65, 
245345.00, -115.63, 
245353.00, -115.93, 
245361.00, -125.15, 
245370.00, -128.93, 
245379.00, -128.24, 
245387.00, -134.66, 
245396.00, -141.48, 
245404.00, -141.80, 
245413.00, -141.39, 
245422.00, -143.07, 
245430.00, -146.45, 
245439.00, -144.59, 
245447.00, -142.93, 
245455.00, -146.31, 
245465.00, -146.84, 
245473.00, -142.96, 
245481.00, -146.15, 
245490.00, -154.25, 
245498.00, -153.10, 
245508.00, -149.61, 
245516.00, -148.71, 
245524.00, -149.33, 
245533.00, -156.98, 
245541.00, -148.55, 
245551.00, -138.76, 
245559.00, -143.03, 
245567.00, -143.84, 
245576.00, -140.20, 
245584.00, -134.48, 
245593.00, -137.06, 
245602.00, -137.87, 
245610.00, -132.80, 
245619.00, -126.38, 
245627.00, -133.40, 
245638.00, -133.33, 
245646.00, -123.20, 
245655.00, -119.13, 
245663.00, -122.21, 
245672.00, -127.79, 
245681.00, -123.62, 
245689.00, -117.04, 
245698.00, -117.16, 
245706.00, -113.71, 
245714.00, -105.70, 
245724.00, -100.75, 
245732.00, -99.81, 
245741.00, -95.87, 
245749.00, -91.47, 
245757.00, -89.07, 
245767.00, -88.59, 
245775.00, -83.91, 
245783.00, -80.83, 
245792.00, -78.52, 
245800.00, -72.92, 
245810.00, -68.05, 
245818.00, -64.06, 
245826.00, -59.34, 
245835.00, -53.69, 
245843.00, -48.61, 
245852.00, -45.05, 
245861.00, -40.03, 
245869.00, -34.70, 
245878.00, -32.57, 
245886.00, -29.18, 
245895.00, -27.63, 
245904.00, -25.12, 
245912.00, -26.05, 
245920.00, -24.56, 
245929.00, 100.07, 
245938.00, 110.84, 
245946.00, 171.48, 
245955.00, 103.02, 
245963.00, 109.79, 
245972.00, 138.08, 
245981.00, 104.45, 
245989.00, 106.47, 
245998.00, 68.61, 
246006.00, 70.64, 
246017.00, 78.88, 
246026.00, 69.33, 
246034.00, 69.22, 
246042.00, 65.76, 
246051.00, 70.89, 
246060.00, 67.05, 
246069.00, 56.56, 
246077.00, 64.56, 
246085.00, 72.75, 
246094.00, 71.77, 
246103.00, 70.69, 
246111.00, 81.50, 
246120.00, 92.27, 
246128.00, 88.97, 
246137.00, 89.16, 
246146.00, 98.11, 
246154.00, 104.39, 
246163.00, 104.11, 
246171.00, 100.59, 
246179.00, 108.00, 
246189.00, 114.88, 
246197.00, 111.72, 
246205.00, 112.81, 
246214.00, 120.01, 
246222.00, 126.45, 
246232.00, 128.21, 
246240.00, 128.20, 
246248.00, 133.70, 
246257.00, 137.86, 
246265.00, 136.28, 
246275.00, 135.48, 
246283.00, 136.87, 
246291.00, 139.88, 
246300.00, 140.98, 
246308.00, 141.33, 
246317.00, 139.46, 
246326.00, 139.14, 
246334.00, 142.70, 
246343.00, 143.45, 
246351.00, 143.73, 
246360.00, 144.48, 
246369.00, 130.50, 
246377.00, 137.07, 
246385.00, 143.38, 
246394.00, 142.82, 
246403.00, 146.33, 
246411.00, 141.87, 
246420.00, 141.12, 
246428.00, 140.29, 
246437.00, 134.27, 
246446.00, 130.37, 
246454.00, 131.77, 
246463.00, 131.01, 
246471.00, 128.95, 
246479.00, 123.90, 
246489.00, 121.39, 
246497.00, 123.08, 
246506.00, 121.40, 
246514.00, 116.78, 
246522.00, 119.55, 
246532.00, 116.86, 
246540.00, 110.46, 
246548.00, 105.76, 
246557.00, 107.13, 
246565.00, 105.22, 
246575.00, 96.25, 
246583.00, 92.30, 
246591.00, 95.21, 
246600.00, 89.84, 
246608.00, 81.11, 
246617.00, 80.49, 
246626.00, 81.26, 
246634.00, 73.01, 
246642.00, 66.95, 
246651.00, 67.71, 
246660.00, 65.82, 
246669.00, 57.15, 
246677.00, 52.89, 
246685.00, 53.83, 
246694.00, 48.87, 
246703.00, 39.95, 
246711.00, 38.14, 
246720.00, 37.78, 
246728.00, 29.83, 
246737.00, 23.45, 
246746.00, 22.56, 
246754.00, 16.82, 
246763.00, 4.13, 
246771.00, -10.29, 
246779.00, 110.96, 
246789.00, 105.01, 
246797.00, 136.14, 
246806.00, 41.52, 
246814.00, 75.89, 
246822.00, 98.88, 
246832.00, 39.74, 
246840.00, 49.24, 
246848.00, 16.81, 
246857.00, -8.79, 
246865.00, -34.83, 
246875.00, -38.53, 
246883.00, -34.37, 
246891.00, -41.08, 
246900.00, -51.53, 
246908.00, -48.48, 
246917.00, -45.45, 
246926.00, -59.94, 
246934.00, -69.88, 
246943.00, -67.21, 
246951.00, -72.62, 
246960.00, -83.32, 
246972.00, -82.00, 
246980.00, -81.87, 
246989.00, -92.11, 
246998.00, -97.69, 
247007.00, -97.55, 
247015.00, -98.77, 
247023.00, -104.85, 
247032.00, -107.63, 
247041.00, -104.50, 
247049.00, -106.67, 
247058.00, -115.05, 
247066.00, -117.01, 
247075.00, -116.54, 
247084.00, -123.60, 
247092.00, -128.81, 
247101.00, -126.73, 
247109.00, -127.54, 
247117.00, -132.02, 
247127.00, -133.57, 
247135.00, -131.41, 
247144.00, -130.93, 
247152.00, -134.33, 
247160.00, -133.75, 
247170.00, -129.14, 
247178.00, -134.85, 
247186.00, -140.06, 
247195.00, -138.30, 
247203.00, -135.81, 
247213.00, -137.82, 
247221.00, -136.58, 
247229.00, -144.77, 
247238.00, -140.39, 
247246.00, -138.61, 
247255.00, -142.93, 
247264.00, -137.86, 
247272.00, -130.68, 
247281.00, -121.95, 
247289.00, -124.83, 
247298.00, -124.98, 
247307.00, -121.71, 
247315.00, -118.04, 
247323.00, -122.95, 
247332.00, -125.48, 
247341.00, -116.42, 
247350.00, -110.20, 
247358.00, -113.28, 
247366.00, -118.08, 
247375.00, -114.99, 
247384.00, -110.52, 
247392.00, -109.63, 
247401.00, -107.67, 
247409.00, -100.54, 
247418.00, -93.76, 
247427.00, -93.71, 
247435.00, -89.80, 
247444.00, -85.89, 
247452.00, -82.50, 
247460.00, -81.63, 
247470.00, -77.62, 
247485.00, -73.47, 
247494.00, -69.78, 
247502.00, -64.55, 
247511.00, -59.45, 
247520.00, -55.85, 
247528.00, -51.14, 
247536.00, -45.93, 
247545.00, -42.01, 
247554.00, -37.74, 
247563.00, -33.21, 
247571.00, -28.91, 
247579.00, -30.42, 
247588.00, -28.39, 
247597.00, -26.74, 
247605.00, -20.97, 
247614.00, 102.81, 
247622.00, 107.39, 
247631.00, 165.89, 
247640.00, 78.51, 
247648.00, 83.11, 
247657.00, 114.51, 
247665.00, 87.34, 
247673.00, 92.01, 
247683.00, 58.02, 
247691.00, 63.65, 
247703.00, 82.84, 
247712.00, 64.19, 
247720.00, 57.82, 
247729.00, 58.59, 
247739.00, 55.75, 
247748.00, 50.15, 
247756.00, 45.30, 
247766.00, 55.72, 
247774.00, 62.01, 
247782.00, 57.77, 
247791.00, 63.02, 
247799.00, 73.61, 
247809.00, 80.01, 
247817.00, 75.56, 
247825.00, 76.26, 
247834.00, 88.32, 
247842.00, 91.72, 
247851.00, 89.58, 
247860.00, 91.50, 
247868.00, 97.88, 
247877.00, 103.11, 
247885.00, 99.99, 
247894.00, 100.64, 
247903.00, 110.33, 
247911.00, 113.66, 
247919.00, 113.68, 
247928.00, 115.53, 
247937.00, 119.99, 
247945.00, 123.85, 
247954.00, 122.53, 
247962.00, 122.35, 
247971.00, 125.56, 
247980.00, 126.97, 
247988.00, 127.15, 
247997.00, 128.38, 
248005.00, 125.85, 
248013.00, 127.83, 
248023.00, 129.34, 
248031.00, 129.48, 
248040.00, 129.47, 
248048.00, 130.76, 
248056.00, 121.18, 
248066.00, 114.47, 
248074.00, 123.33, 
248082.00, 122.89, 
248091.00, 122.31, 
248099.00, 122.23, 
248109.00, 118.49, 
248117.00, 118.49, 
248125.00, 118.92, 
248134.00, 119.39, 
248142.00, 122.17, 
248151.00, 124.38, 
248160.00, 124.06, 
248168.00, 118.32, 
248177.00, 114.35, 
248185.00, 115.38, 
248194.00, 112.51, 
248203.00, 110.10, 
248211.00, 110.18, 
248219.00, 110.25, 
248228.00, 105.16, 
248237.00, 98.34, 
248246.00, 98.94, 
248254.00, 98.03, 
248262.00, 90.73, 
248271.00, 87.33, 
248280.00, 89.88, 
248288.00, 86.00, 
248297.00, 77.60, 
248305.00, 75.19, 
248313.00, 75.67, 
248323.00, 69.27, 
248331.00, 62.48, 
248340.00, 62.30, 
248348.00, 61.17, 
248356.00, 53.49, 
248366.00, 48.21, 
248374.00, 48.80, 
248382.00, 45.28, 
248391.00, 37.37, 
248399.00, 34.74, 
248409.00, 34.67, 
248417.00, 29.72, 
248425.00, 19.04, 
248434.00, 12.06, 
248442.00, 6.55, 
248451.00, -7.71, 
248460.00, 112.92, 
248468.00, 102.80, 
248477.00, 144.76, 
248485.00, 21.71, 
248494.00, 62.81, 
248503.00, 88.49, 
248511.00, 47.81, 
248519.00, 58.38, 
248528.00, 27.43, 
248537.00, 10.78, 
248546.00, -17.86, 
248554.00, -31.49, 
248562.00, -32.16, 
248571.00, -35.24, 
248580.00, -44.87, 
248588.00, -43.34, 
248597.00, -38.54, 
248605.00, -49.89, 
248614.00, -60.74, 
248623.00, -58.83, 
248631.00, -61.42, 
248640.00, -70.54, 
248648.00, -76.92, 
248656.00, -76.16, 
248666.00, -77.26, 
248674.00, -86.72, 
248683.00, -89.89, 
248691.00, -85.15, 
248699.00, -89.39, 
248709.00, -97.17, 
248717.00, -94.78, 
248725.00, -93.30, 
248734.00, -100.69, 
248742.00, -106.27, 
248751.00, -105.33, 
248760.00, -108.71, 
248768.00, -115.07, 
248777.00, -116.71, 
248785.00, -114.73, 
248794.00, -116.36, 
248803.00, -121.74, 
248811.00, -121.29, 
248820.00, -118.90, 
248828.00, -120.92, 
248837.00, -122.20, 
248846.00, -119.12, 
248854.00, -122.66, 
248862.00, -129.24, 
248871.00, -128.96, 
248880.00, -125.17, 
248888.00, -121.90, 
248897.00, -122.30, 
248905.00, -131.24, 
248914.00, -115.42, 
248923.00, -110.37, 
248931.00, -114.82, 
248940.00, -115.97, 
248948.00, -108.76, 
248956.00, -107.03, 
248966.00, -109.83, 
248974.00, -115.49, 
248983.00, -112.36, 
248991.00, -109.96, 
248999.00, -111.26, 
249009.00, -116.16, 
249017.00, -111.83, 
249025.00, -102.08, 
249034.00, -101.97, 
249042.00, -105.43, 
249052.00, -105.45, 
249060.00, -101.42, 
249068.00, -99.68, 
249077.00, -99.69, 
249085.00, -94.21, 
249094.00, -87.91, 
249103.00, -85.28, 
249111.00, -83.11, 
249120.00, -78.20, 
249128.00, -75.67, 
249137.00, -74.71, 
249146.00, -72.73, 
249154.00, -68.78, 
249162.00, -66.28, 
249171.00, -64.53, 
249180.00, -60.78, 
249189.00, -57.16, 
249197.00, -54.63, 
249205.00, -50.56, 
249214.00, -45.72, 
249223.00, -41.95, 
249245.00, -35.90, 
249254.00, -32.23, 
249263.00, -29.22, 
249272.00, -24.02, 
249280.00, -23.40, 
249288.00, -22.71, 
249297.00, -23.39, 
249306.00, -14.59, 
249315.00, 107.67, 
249323.00, 61.11, 
249331.00, 153.06, 
249340.00, 25.22, 
249349.00, 49.49, 
249357.00, 65.68, 
249366.00, 52.08, 
249374.00, 71.54, 
249382.00, 46.17, 
249392.00, 54.78, 
249400.00, 50.02, 
249409.00, 59.45, 
249417.00, 47.48, 
249425.00, 43.13, 
249435.00, 60.92, 
249443.00, 61.20, 
249451.00, 57.41, 
249460.00, 59.15, 
249468.00, 68.80, 
249478.00, 72.98, 
249486.00, 65.57, 
249494.00, 69.96, 
249503.00, 79.50, 
249511.00, 83.24, 
249520.00, 80.39, 
249529.00, 81.70, 
249537.00, 92.77, 
249546.00, 94.34, 
249554.00, 90.16, 
249563.00, 93.16, 
249572.00, 98.65, 
249580.00, 101.92, 
249588.00, 99.41, 
249597.00, 98.27, 
249606.00, 106.90, 
249615.00, 110.49, 
249623.00, 109.21, 
249631.00, 111.13, 
249640.00, 115.06, 
249649.00, 117.58, 
249657.00, 115.92, 
249666.00, 114.78, 
249674.00, 118.13, 
249683.00, 120.35, 
249692.00, 119.73, 
249700.00, 120.19, 
249709.00, 117.88, 
249717.00, 118.28, 
249728.00, 117.56, 
249736.00, 117.62, 
249745.00, 121.21, 
249753.00, 119.95, 
249762.00, 110.61, 
249771.00, 112.13, 
249779.00, 121.02, 
249788.00, 112.98, 
249796.00, 110.72, 
249804.00, 105.17, 
249814.00, 104.12, 
249822.00, 104.08, 
249831.00, 103.32, 
249839.00, 103.36, 
249847.00, 106.71, 
249857.00, 106.94, 
249865.00, 105.39, 
249873.00, 99.75, 
249882.00, 97.33, 
249890.00, 98.13, 
249899.00, 95.28, 
249908.00, 93.73, 
249916.00, 93.26, 
249925.00, 91.63, 
249933.00, 85.19, 
249942.00, 80.17, 
249951.00, 80.78, 
249959.00, 79.44, 
249967.00, 73.02, 
249976.00, 70.82, 
249985.00, 72.72, 
249994.00, 68.20, 
250002.00, 59.81, 
250010.00, 58.08, 
250019.00, 58.16, 
250028.00, 51.42, 
250037.00, 45.97, 
250045.00, 46.97, 
250053.00, 45.58, 
250062.00, 38.67, 
250073.00, 36.30, 
250081.00, 36.53, 
250090.00, 30.78, 
250098.00, 25.00, 
250106.00, 22.45, 
250116.00, 15.64, 
250124.00, 6.74, 
250132.00, -2.68, 
250141.00, 116.76, 
250149.00, 60.24, 
250158.00, 105.52, 
250167.00, -6.46, 
250175.00, 49.79, 
250184.00, 2.68, 
250192.00, -2.33, 
250201.00, 29.23, 
250210.00, 12.05, 
250218.00, 6.28, 
250226.00, -18.41, 
250235.00, -37.82, 
250244.00, -38.96, 
250253.00, -38.85, 
250261.00, -44.89, 
250269.00, -40.72, 
250278.00, -33.63, 
250287.00, -43.76, 
250295.00, -52.62, 
250304.00, -52.15, 
250312.00, -56.22, 
250321.00, -63.43, 
250330.00, -69.96, 
250338.00, -69.70, 
250347.00, -70.19, 
250355.00, -79.96, 
250363.00, -84.03, 
250373.00, -80.00, 
250381.00, -83.15, 
250390.00, -89.82, 
250398.00, -87.47, 
250406.00, -86.18, 
250416.00, -92.99, 
250424.00, -97.07, 
250432.00, -96.26, 
250441.00, -99.20, 
250449.00, -104.00, 
250459.00, -106.27, 
250467.00, -105.18, 
250475.00, -106.52, 
250484.00, -111.42, 
250492.00, -110.31, 
250501.00, -108.57, 
250510.00, -110.17, 
250518.00, -109.37, 
250527.00, -112.98, 
250535.00, -114.04, 
250544.00, -112.70, 
250553.00, -111.60, 
250561.00, -107.87, 
250569.00, -103.84, 
250578.00, -112.56, 
250587.00, -127.02, 
250595.00, -116.47, 
250604.00, -119.40, 
250612.00, -122.49, 
250621.00, -116.18, 
250630.00, -110.84, 
250638.00, -108.87, 
250647.00, -108.19, 
250655.00, -106.93, 
250663.00, -98.34, 
250673.00, -98.53, 
250681.00, -101.14, 
250690.00, -98.18, 
250698.00, -94.56, 
250706.00, -91.56, 
250716.00, -96.04, 
250724.00, -97.33, 
250732.00, -94.92, 
250741.00, -94.79, 
250749.00, -92.81, 
250758.00, -88.32, 
250767.00, -83.37, 
250775.00, -79.35, 
250784.00, -76.80, 
250792.00, -74.75, 
250801.00, -71.60, 
250810.00, -71.87, 
250818.00, -68.14, 
250826.00, -63.92, 
250835.00, -62.68, 
250844.00, -61.10, 
250853.00, -58.79, 
250861.00, -56.19, 
250869.00, -53.28, 
250878.00, -50.15, 
250887.00, -45.66, 
250896.00, -41.78, 
250904.00, -38.76, 
250912.00, -34.04, 
250921.00, -30.13, 
250930.00, -26.70, 
250938.00, -27.02, 
250947.00, -28.25, 
250955.00, -29.07, 
250964.00, -30.53, 
250973.00, 95.52, 
250981.00, 20.12, 
250990.00, 116.81, 
250998.00, -21.21, 
251006.00, 16.05, 
251016.00, 15.41, 
251024.00, 20.27, 
251033.00, 45.61, 
251041.00, 32.23, 
251049.00, 49.22, 
251059.00, 46.29, 
251067.00, 54.45, 
251075.00, 41.39, 
251084.00, 36.00, 
251092.00, 50.05, 
251102.00, 47.57, 
251110.00, 43.84, 
251118.00, 41.85, 
251127.00, 52.20, 
251136.00, 57.61, 
251144.00, 52.50, 
251153.00, 57.06, 
251161.00, 66.08, 
251170.00, 70.40, 
251179.00, 66.66, 
251187.00, 67.36, 
251196.00, 78.38, 
251204.00, 79.46, 
251212.00, 75.91, 
251222.00, 77.70, 
251230.00, 82.94, 
251238.00, 87.43, 
251247.00, 84.80, 
251255.00, 84.04, 
251265.00, 93.29, 
251273.00, 96.81, 
251281.00, 96.13, 
251290.00, 97.54, 
251298.00, 100.77, 
251307.00, 104.25, 
251316.00, 102.89, 
251324.00, 101.56, 
251333.00, 104.69, 
251341.00, 107.46, 
251350.00, 108.61, 
251359.00, 103.09, 
251367.00, 103.09, 
251375.00, 107.67, 
251384.00, 110.22, 
251393.00, 109.81, 
251402.00, 110.63, 
251410.00, 104.28, 
251418.00, 106.91, 
251427.00, 109.79, 
251436.00, 107.38, 
251444.00, 107.75, 
251453.00, 108.36, 
251461.00, 109.09, 
251470.00, 109.89, 
251479.00, 113.37, 
251487.00, 107.45, 
251496.00, 103.93, 
251504.00, 103.59, 
251512.00, 103.09, 
251522.00, 97.64, 
251530.00, 94.22, 
251539.00, 94.29, 
251547.00, 94.91, 
251555.00, 94.70, 
251565.00, 94.18, 
251573.00, 97.25, 
251581.00, 94.76, 
251590.00, 88.50, 
251598.00, 85.74, 
251607.00, 87.10, 
251616.00, 82.17, 
251624.00, 77.72, 
251633.00, 76.74, 
251641.00, 76.74, 
251650.00, 71.78, 
251659.00, 66.54, 
251667.00, 67.30, 
251675.00, 65.02, 
251684.00, 57.67, 
251693.00, 54.48, 
251701.00, 55.01, 
251710.00, 50.90, 
251718.00, 44.43, 
251727.00, 43.37, 
251736.00, 42.58, 
251744.00, 36.36, 
251753.00, 31.88, 
251761.00, 30.04, 
251770.00, 21.23, 
251779.00, 11.72, 
251787.00, 8.38, 
251796.00, 125.20, 
251804.00, 60.74, 
251812.00, 108.02, 
251822.00, -5.92, 
251830.00, 56.45, 
251838.00, 16.35, 
251847.00, 12.71, 
251855.00, 40.56, 
251865.00, 22.79, 
251873.00, 18.25, 
251881.00, -4.90, 
251890.00, -23.58, 
251898.00, -24.93, 
251907.00, -25.17, 
251916.00, -29.87, 
251924.00, -25.98, 
251933.00, -20.22, 
251941.00, -30.12, 
251950.00, -38.10, 
251959.00, -39.60, 
251967.00, -44.39, 
251975.00, -50.33, 
251984.00, -57.55, 
251993.00, -57.91, 
252002.00, -57.78, 
252010.00, -67.05, 
252018.00, -70.97, 
252027.00, -67.06, 
252036.00, -69.48, 
252044.00, -75.42, 
252053.00, -73.62, 
252061.00, -72.87, 
252070.00, -78.79, 
252079.00, -82.51, 
252087.00, -82.62, 
252096.00, -85.18, 
252104.00, -89.62, 
252112.00, -92.80, 
252122.00, -92.46, 
252130.00, -93.46, 
252139.00, -97.73, 
252147.00, -96.81, 
252155.00, -94.82, 
252165.00, -94.89, 
252173.00, -101.71, 
252181.00, -102.87, 
252190.00, -100.15, 
252198.00, -98.03, 
252208.00, -99.05, 
252216.00, -98.37, 
252224.00, -101.36, 
252233.00, -111.46, 
252241.00, -107.98, 
252250.00, -112.83, 
252259.00, -116.43, 
252267.00, -116.50, 
252275.00, -114.23, 
252284.00, -112.84, 
252293.00, -110.40, 
252302.00, -108.88, 
252310.00, -102.04, 
252318.00, -100.11, 
252327.00, -100.25, 
252336.00, -100.73, 
252344.00, -94.54, 
252353.00, -92.12, 
252361.00, -93.04, 
252370.00, -95.30, 
252379.00, -96.49, 
252387.00, -97.06, 
252396.00, -94.88, 
252404.00, -92.36, 
252412.00, -89.25, 
252422.00, -86.52, 
252430.00, -82.59, 
252438.00, -76.69, 
252447.00, -75.08, 
252457.00, -72.39, 
252466.00, -69.49, 
252475.00, -66.75, 
252483.00, -65.54, 
252491.00, -65.56, 
252500.00, -63.97, 
252509.00, -61.53, 
252518.00, -60.22, 
252526.00, -57.24, 
252534.00, -53.22, 
252544.00, -49.78, 
252552.00, -46.22, 
252561.00, -42.29, 
252569.00, -38.34, 
252577.00, -35.34, 
252587.00, -33.53, 
252595.00, -29.49, 
252604.00, -27.52, 
252612.00, -20.38, 
252620.00, -27.04, 
252630.00, -24.25, 
252638.00, 100.31, 
252646.00, 41.82, 
252655.00, 127.60, 
252663.00, -16.48, 
252672.00, 14.64, 
252681.00, 13.28, 
252689.00, 17.25, 
252697.00, 38.39, 
252708.00, 8.40, 
252717.00, 12.00, 
252725.00, 13.01, 
252734.00, 24.32, 
252742.00, 22.11, 
252751.00, 17.44, 
252760.00, 33.16, 
252768.00, 35.72, 
252777.00, 29.64, 
252785.00, 34.78, 
252793.00, 45.07, 
252803.00, 49.56, 
252811.00, 43.87, 
252820.00, 49.69, 
252828.00, 57.92, 
252836.00, 59.35, 
252846.00, 57.64, 
252854.00, 59.37, 
252862.00, 69.15, 
252871.00, 70.28, 
252879.00, 65.08, 
252889.00, 68.55, 
252897.00, 74.06, 
252905.00, 75.75, 
252914.00, 75.36, 
252922.00, 75.82, 
252931.00, 83.55, 
252940.00, 86.76, 
252948.00, 84.87, 
252956.00, 87.40, 
252965.00, 91.68, 
252974.00, 94.08, 
252983.00, 92.68, 
252991.00, 91.57, 
252999.00, 94.16, 
253008.00, 96.78, 
253017.00, 97.36, 
253025.00, 93.28, 
253034.00, 95.91, 
253042.00, 99.12, 
253051.00, 100.67, 
253060.00, 99.95, 
253068.00, 102.44, 
253077.00, 99.27, 
253085.00, 97.93, 
253093.00, 94.44, 
253103.00, 90.58, 
253111.00, 89.51, 
253120.00, 82.26, 
253128.00, 83.17, 
253136.00, 82.56, 
253146.00, 85.03, 
253154.00, 81.56, 
253162.00, 81.94, 
253171.00, 87.52, 
253179.00, 93.06, 
253189.00, 92.56, 
253197.00, 93.54, 
253205.00, 93.82, 
253214.00, 93.80, 
253222.00, 92.20, 
253231.00, 89.37, 
253240.00, 90.52, 
253248.00, 88.45, 
253257.00, 83.79, 
253265.00, 80.59, 
253274.00, 82.05, 
253283.00, 78.08, 
253291.00, 74.60, 
253299.00, 74.12, 
253308.00, 73.00, 
253317.00, 68.70, 
253326.00, 64.10, 
253334.00, 63.07, 
253342.00, 60.38, 
253351.00, 54.94, 
253360.00, 51.69, 
253368.00, 51.90, 
253377.00, 48.27, 
253385.00, 42.78, 
253394.00, 41.83, 
253403.00, 41.12, 
253411.00, 35.95, 
253420.00, 33.23, 
253428.00, 28.94, 
253436.00, 18.40, 
253446.00, 10.34, 
253454.00, 5.56, 
253463.00, 123.04, 
253471.00, 5.42, 
253479.00, 54.69, 
253489.00, -24.57, 
253497.00, 33.89, 
253505.00, -46.53, 
253514.00, -19.45, 
253522.00, 8.58, 
253531.00, 7.00, 
253540.00, 11.18, 
253548.00, -4.02, 
253557.00, -14.30, 
253565.00, -10.80, 
253574.00, -13.05, 
253583.00, -20.19, 
253591.00, -19.70, 
253600.00, -18.36, 
253608.00, -26.29, 
253617.00, -32.65, 
253626.00, -35.65, 
253634.00, -38.51, 
253642.00, -42.74, 
253651.00, -50.92, 
253660.00, -50.34, 
253669.00, -49.54, 
253677.00, -59.08, 
253685.00, -62.13, 
253694.00, -57.71, 
253703.00, -60.50, 
253711.00, -65.28, 
253720.00, -64.17, 
253728.00, -64.26, 
253736.00, -69.17, 
253746.00, -72.61, 
253754.00, -73.61, 
253763.00, -75.19, 
253771.00, -79.56, 
253779.00, -83.28, 
253789.00, -82.59, 
253797.00, -83.62, 
253805.00, -87.79, 
253814.00, -86.96, 
253822.00, -86.22, 
253832.00, -87.75, 
253840.00, -87.45, 
253848.00, -92.32, 
253857.00, -91.72, 
253865.00, -92.00, 
253874.00, -92.58, 
253883.00, -92.74, 
253891.00, -94.42, 
253900.00, -96.62, 
253908.00, -107.00, 
253917.00, -103.44, 
253926.00, -103.69, 
253934.00, -105.99, 
253942.00, -105.77, 
253952.00, -102.42, 
253960.00, -98.64, 
253969.00, -95.51, 
253977.00, -95.38, 
253985.00, -90.19, 
253995.00, -87.74, 
254003.00, -89.98, 
254012.00, -91.46, 
254020.00, -87.87, 
254028.00, -85.84, 
254038.00, -87.40, 
254046.00, -87.11, 
254054.00, -86.80, 
254063.00, -83.72, 
254071.00, -80.73, 
254080.00, -77.47, 
254089.00, -74.49, 
254097.00, -73.94, 
254106.00, -71.67, 
254114.00, -68.76, 
254123.00, -68.04, 
254132.00, -67.08, 
254140.00, -64.64, 
254148.00, -61.33, 
254157.00, -59.55, 
254166.00, -59.51, 
254175.00, -57.89, 
254183.00, -55.65, 
254191.00, -54.10, 
254200.00, -52.14, 
254209.00, -48.76, 
254218.00, -45.32, 
254226.00, -42.49, 
254234.00, -39.30, 
254243.00, -35.47, 
254252.00, -32.86, 
254260.00, -29.93, 
254269.00, -29.14, 
254277.00, -29.55, 
254286.00, -30.98, 
254295.00, -26.00, 
254303.00, 98.97, 
254312.00, -15.41, 
254320.00, 82.21, 
254328.00, -55.54, 
254338.00, -20.25, 
254346.00, -58.63, 
254354.00, -23.50, 
254363.00, -0.64, 
254371.00, 1.66, 
254381.00, 24.67, 
254389.00, 29.07, 
254397.00, 42.49, 
254406.00, 33.37, 
254414.00, 21.38, 
254424.00, 27.26, 
254432.00, 26.95, 
254440.00, 26.37, 
254449.00, 23.14, 
254457.00, 34.27, 
254466.00, 41.80, 
254475.00, 38.58, 
254483.00, 39.69, 
254492.00, 47.56, 
254500.00, 53.87, 
254509.00, 50.46, 
254518.00, 50.89, 
254526.00, 61.51, 
254534.00, 64.22, 
254543.00, 61.86, 
254552.00, 60.41, 
254560.00, 63.42, 
254569.00, 69.07, 
254577.00, 65.40, 
254586.00, 63.93, 
254595.00, 71.39, 
254603.00, 75.33, 
254612.00, 75.91, 
254620.00, 76.00, 
254629.00, 78.28, 
254638.00, 83.45, 
254646.00, 83.56, 
254655.00, 82.02, 
254663.00, 84.24, 
254671.00, 87.54, 
254681.00, 90.03, 
254689.00, 85.47, 
254697.00, 85.55, 
254706.00, 91.06, 
254714.00, 94.04, 
254724.00, 92.53, 
254732.00, 94.33, 
254740.00, 92.75, 
254749.00, 88.72, 
254757.00, 86.57, 
254766.00, 80.36, 
254775.00, 83.45, 
254783.00, 84.45, 
254792.00, 81.46, 
254800.00, 81.36, 
254809.00, 82.24, 
254818.00, 81.63, 
254826.00, 86.10, 
254834.00, 89.90, 
254843.00, 91.73, 
254852.00, 91.16, 
254861.00, 88.76, 
254869.00, 84.63, 
254877.00, 82.80, 
254886.00, 79.09, 
254895.00, 75.80, 
254903.00, 73.74, 
254912.00, 71.92, 
254920.00, 67.96, 
254929.00, 65.87, 
254938.00, 66.96, 
254946.00, 67.05, 
254955.00, 63.97, 
254963.00, 62.65, 
254971.00, 64.13, 
254981.00, 62.25, 
254989.00, 58.48, 
254998.00, 56.99, 
255006.00, 56.71, 
255016.00, 52.91, 
255025.00, 49.93, 
255034.00, 49.59, 
255042.00, 47.67, 
255051.00, 43.19, 
255059.00, 40.65, 
255068.00, 39.93, 
255077.00, 36.60, 
255085.00, 32.95, 
255094.00, 27.42, 
255102.00, 19.87, 
255111.00, 16.01, 
255120.00, 9.73, 
255128.00, 126.22, 
255136.00, -7.64, 
255145.00, 34.80, 
255154.00, -37.78, 
255162.00, 10.11, 
255171.00, -76.00, 
255179.00, -37.15, 
255188.00, -17.18, 
255197.00, -11.79, 
255205.00, -5.71, 
255214.00, -14.00, 
255222.00, -14.63, 
255230.00, -9.79, 
255240.00, -10.21, 
255248.00, -16.12, 
255257.00, -16.18, 
255265.00, -16.71, 
255273.00, -21.25, 
255283.00, -25.19, 
255291.00, -31.75, 
255299.00, -35.23, 
255308.00, -36.74, 
255316.00, -45.47, 
255326.00, -47.95, 
255334.00, -46.66, 
255342.00, -51.77, 
255351.00, -54.28, 
255360.00, -53.39, 
255368.00, -54.09, 
255377.00, -55.93, 
255385.00, -57.47, 
255394.00, -58.36, 
255403.00, -59.43, 
255411.00, -61.73, 
255420.00, -65.91, 
255428.00, -68.11, 
255436.00, -70.89, 
255446.00, -75.85, 
255454.00, -76.86, 
255462.00, -77.25, 
255471.00, -79.14, 
255479.00, -79.57, 
255489.00, -80.33, 
255497.00, -79.41, 
255507.00, -77.48, 
255515.00, -79.79, 
255524.00, -82.27, 
255533.00, -83.55, 
255542.00, -86.29, 
255550.00, -84.61, 
255558.00, -87.36, 
255567.00, -90.12, 
255576.00, -90.01, 
255584.00, -95.82, 
255593.00, -100.66, 
255601.00, -104.19, 
255610.00, -101.97, 
255619.00, -96.89, 
255627.00, -97.70, 
255636.00, -95.44, 
255644.00, -94.18, 
255652.00, -82.64, 
255662.00, -77.88, 
255670.00, -77.83, 
255679.00, -76.88, 
255687.00, -72.63, 
255695.00, -70.20, 
255705.00, -74.72, 
255713.00, -76.47, 
255721.00, -78.60, 
255730.00, -79.03, 
255738.00, -77.40, 
255748.00, -74.97, 
255756.00, -72.35, 
255764.00, -71.28, 
255773.00, -69.65, 
255781.00, -65.65, 
255790.00, -62.48, 
255799.00, -61.41, 
255807.00, -60.26, 
255815.00, -57.00, 
255824.00, -55.81, 
255833.00, -56.05, 
255842.00, -55.84, 
255850.00, -54.21, 
255858.00, -52.79, 
255867.00, -51.19, 
255876.00, -49.17, 
255885.00, -46.21, 
255893.00, -42.47, 
255901.00, -38.61, 
255910.00, -34.62, 
255919.00, -31.48, 
255927.00, -28.52, 
255936.00, -29.72, 
255944.00, -33.91, 
255953.00, -35.60, 
255962.00, -31.45, 
255970.00, 94.81, 
255979.00, -30.32, 
255987.00, 61.10, 
255995.00, -71.71, 
256005.00, -35.76, 
256013.00, -77.28, 
256022.00, -34.72, 
256030.00, -14.61, 
256038.00, -8.64, 
256048.00, 12.88, 
256056.00, 19.38, 
256064.00, 38.93, 
256073.00, 32.96, 
256081.00, 20.69, 
256091.00, 20.59, 
256099.00, 22.40, 
256107.00, 22.97, 
256116.00, 17.74, 
256124.00, 26.35, 
256134.00, 35.30, 
256142.00, 33.25, 
256150.00, 34.24, 
256159.00, 41.56, 
256167.00, 49.15, 
256176.00, 46.67, 
256185.00, 45.82, 
256193.00, 53.79, 
256202.00, 56.94, 
256210.00, 55.51, 
256219.00, 52.85, 
256228.00, 55.80, 
256236.00, 60.52, 
256244.00, 57.38, 
256253.00, 56.34, 
256262.00, 62.86, 
256271.00, 67.04, 
256279.00, 69.63, 
256287.00, 70.14, 
256296.00, 73.01, 
256305.00, 78.17, 
256313.00, 77.99, 
256322.00, 76.09, 
256330.00, 77.77, 
256339.00, 79.77, 
256348.00, 80.60, 
256356.00, 80.82, 
256365.00, 77.80, 
256373.00, 80.30, 
256381.00, 83.59, 
256391.00, 83.42, 
256399.00, 81.84, 
256408.00, 83.00, 
256416.00, 80.41, 
256424.00, 73.60, 
256434.00, 80.84, 
256442.00, 79.24, 
256450.00, 86.39, 
256459.00, 90.27, 
256467.00, 91.28, 
256477.00, 91.76, 
256485.00, 90.12, 
256493.00, 88.12, 
256502.00, 85.00, 
256510.00, 83.98, 
256519.00, 81.54, 
256528.00, 79.88, 
256536.00, 78.83, 
256544.00, 75.62, 
256553.00, 74.22, 
256562.00, 71.47, 
256571.00, 70.01, 
256579.00, 67.25, 
256587.00, 65.69, 
256596.00, 64.75, 
256605.00, 62.96, 
256613.00, 63.14, 
256622.00, 62.08, 
256630.00, 59.22, 
256640.00, 57.95, 
256648.00, 57.03, 
256656.00, 56.58, 
256665.00, 53.79, 
256673.00, 51.78, 
256688.00, 50.27, 
256696.00, 47.24, 
256704.00, 45.16, 
256713.00, 44.12, 
256721.00, 42.09, 
256731.00, 38.56, 
256739.00, 36.05, 
256747.00, 34.75, 
256756.00, 27.31, 
256764.00, 17.06, 
256775.00, 12.63, 
256784.00, 6.71, 
256792.00, 123.92, 
256800.00, 76.26, 
256809.00, 130.39, 
256818.00, 2.28, 
256826.00, 69.92, 
256835.00, 55.93, 
256843.00, 48.65, 
256851.00, 67.22, 
256861.00, 43.44, 
256869.00, 36.14, 
256878.00, 16.71, 
256886.00, -3.75, 
256894.00, -9.94, 
256904.00, -10.17, 
256912.00, -12.27, 
256929.00, -7.98, 
256939.00, -15.22, 
256947.00, -19.94, 
256955.00, -22.45, 
256964.00, -27.52, 
256972.00, -30.25, 
256982.00, -35.48, 
256990.00, -38.37, 
257000.00, -39.83, 
257008.00, -43.32, 
257017.00, -46.63, 
257026.00, -45.89, 
257035.00, -46.58, 
257043.00, -50.94, 
257051.00, -51.42, 
257060.00, -50.20, 
257069.00, -54.81, 
257077.00, -59.40, 
257086.00, -60.18, 
257094.00, -63.38, 
257102.00, -66.28, 
257112.00, -67.40, 
257120.00, -68.35, 
257129.00, -69.19, 
257137.00, -72.07, 
257145.00, -72.66, 
257155.00, -70.82, 
257163.00, -70.38, 
257172.00, -75.88, 
257180.00, -76.38, 
257188.00, -72.55, 
257198.00, -70.86, 
257206.00, -73.12, 
257214.00, -74.66, 
257223.00, -78.30, 
257231.00, -86.39, 
257240.00, -70.44, 
257249.00, -64.22, 
257257.00, -67.44, 
257266.00, -68.86, 
257274.00, -68.83, 
257283.00, -65.22, 
257292.00, -66.73, 
257300.00, -70.13, 
257308.00, -73.21, 
257317.00, -72.41, 
257326.00, -74.99, 
257335.00, -78.39, 
257343.00, -76.51, 
257351.00, -76.02, 
257360.00, -77.27, 
257369.00, -78.21, 
257377.00, -77.18, 
257386.00, -74.70, 
257394.00, -73.22, 
257402.00, -71.07, 
257412.00, -66.28, 
257420.00, -64.46, 
257429.00, -62.45, 
257437.00, -61.73, 
257445.00, -59.61, 
257455.00, -58.15, 
257463.00, -57.55, 
257471.00, -55.77, 
257480.00, -52.64, 
257488.00, -52.03, 
257498.00, -52.03, 
257506.00, -51.62, 
257514.00, -50.64, 
257523.00, -49.25, 
257531.00, -47.72, 
257541.00, -45.14, 
257549.00, -42.41, 
257557.00, -39.27, 
257566.00, -35.98, 
257574.00, -33.57, 
257583.00, -31.49, 
257592.00, -30.41, 
257600.00, -29.50, 
257609.00, -35.33, 
257617.00, -37.20, 
257626.00, 90.43, 
257635.00, -49.65, 
257643.00, 27.68, 
257651.00, -86.43, 
257660.00, -55.39, 
257669.00, -107.53, 
257677.00, -51.60, 
257686.00, -30.23, 
257694.00, -21.39, 
257703.00, -5.06, 
257712.00, 3.66, 
257720.00, 25.56, 
257729.00, 21.21, 
257737.00, 11.06, 
257745.00, 10.53, 
257755.00, 14.52, 
257763.00, 16.29, 
257772.00, 11.92, 
257780.00, 19.58, 
257788.00, 27.16, 
257798.00, 25.05, 
257806.00, 25.06, 
257815.00, 31.39, 
257823.00, 39.45, 
257831.00, 36.82, 
257841.00, 36.94, 
257849.00, 45.48, 
257857.00, 48.53, 
257866.00, 47.78, 
257874.00, 45.12, 
257883.00, 48.27, 
257892.00, 53.46, 
257900.00, 50.54, 
257909.00, 50.17, 
257917.00, 55.79, 
257926.00, 59.08, 
257935.00, 61.35, 
257943.00, 61.54, 
257951.00, 64.21, 
257960.00, 69.28, 
257969.00, 69.29, 
257978.00, 67.93, 
257986.00, 69.79, 
257994.00, 72.27, 
258003.00, 73.99, 
258012.00, 69.08, 
258020.00, 70.46, 
258029.00, 75.40, 
258037.00, 75.34, 
258046.00, 72.35, 
258055.00, 71.82, 
258063.00, 71.95, 
258072.00, 63.45, 
258080.00, 78.69, 
258088.00, 78.01, 
258098.00, 78.93, 
258106.00, 82.15, 
258115.00, 81.72, 
258123.00, 82.52, 
258131.00, 81.03, 
258141.00, 81.00, 
258149.00, 79.34, 
258157.00, 79.08, 
258166.00, 77.23, 
258174.00, 74.62, 
258183.00, 73.12, 
258192.00, 73.34, 
258200.00, 73.23, 
258209.00, 76.75, 
258217.00, 76.68, 
258226.00, 75.97, 
258235.00, 75.56, 
258243.00, 74.96, 
258251.00, 72.38, 
258260.00, 71.10, 
258269.00, 67.78, 
258278.00, 64.26, 
258286.00, 60.74, 
258294.00, 59.37, 
258304.00, 57.48, 
258312.00, 54.19, 
258320.00, 52.19, 
258329.00, 51.51, 
258337.00, 50.29, 
258345.00, 47.73, 
258355.00, 46.29, 
258363.00, 45.77, 
258372.00, 43.55, 
258380.00, 40.26, 
258388.00, 38.60, 
258398.00, 37.04, 
258408.00, 33.72, 
258416.00, 33.64, 
258425.00, 32.50, 
258434.00, 28.26, 
258442.00, 18.57, 
258451.00, 132.97, 
258459.00, 90.01, 
258467.00, 148.34, 
258477.00, 24.26, 
258485.00, 81.88, 
258495.00, 114.65, 
258505.00, 41.99, 
258514.00, 36.95, 
258523.00, 23.09, 
258532.00, 14.34, 
258540.00, 7.87, 
258548.00, 6.12, 
258557.00, 7.28, 
258566.00, 5.32, 
258575.00, 0.86, 
258583.00, -2.18, 
258591.00, -1.02, 
258600.00, -9.78, 
258609.00, -18.15, 
258617.00, -18.93, 
258626.00, -20.75, 
258634.00, -26.21, 
258642.00, -29.51, 
258652.00, -30.34, 
258660.00, -32.77, 
258669.00, -39.36, 
258677.00, -43.63, 
258685.00, -41.02, 
258695.00, -41.17, 
258707.00, -50.85, 
258715.00, -55.81, 
258723.00, -57.58, 
258733.00, -62.14, 
258741.00, -61.59, 
258749.00, -59.52, 
258758.00, -58.81, 
258766.00, -57.21, 
258776.00, -53.99, 
258784.00, -55.37, 
258792.00, -61.70, 
258801.00, -64.67, 
258809.00, -65.37, 
258818.00, -67.06, 
258827.00, -69.52, 
258835.00, -70.11, 
258844.00, -67.97, 
258852.00, -65.95, 
258861.00, -68.50, 
258870.00, -69.22, 
258878.00, -68.18, 
258886.00, -69.22, 
258895.00, -71.13, 
258904.00, -71.76, 
258912.00, -69.93, 
258921.00, -71.16, 
258929.00, -74.51, 
258938.00, -75.23, 
258947.00, -75.86, 
258955.00, -77.65, 
258964.00, -79.40, 
258972.00, -79.14, 
258980.00, -77.04, 
258990.00, -75.30, 
258998.00, -74.86, 
259007.00, -73.61, 
259015.00, -70.75, 
259023.00, -68.59, 
259033.00, -68.25, 
259041.00, -67.71, 
259050.00, -66.65, 
259058.00, -65.96, 
259066.00, -66.51, 
259076.00, -67.13, 
259084.00, -66.26, 
259092.00, -65.28, 
259101.00, -65.09, 
259109.00, -64.24, 
259119.00, -62.22, 
259127.00, -59.31, 
259135.00, -57.10, 
259144.00, -55.25, 
259152.00, -52.24, 
259161.00, -49.75, 
259170.00, -48.55, 
259178.00, -47.39, 
259187.00, -46.27, 
259195.00, -44.87, 
259204.00, -43.68, 
259213.00, -42.83, 
