9056905.00, -0.64, 
9056915.00, -0.47, 
9056924.00, -0.32, 
9056932.00, -0.30, 
9056942.00, -0.36, 
9056950.00, -0.50, 
9056959.00, -0.58, 
9056967.00, -0.68, 
9056975.00, -0.81, 
9056985.00, -0.95, 
9056993.00, -1.14, 
9057001.00, -1.25, 
9057010.00, -1.59, 
9057018.00, -1.99, 
9057028.00, -2.08, 
9057036.00, -1.07, 
9057044.00, 1.32, 
9057053.00, 4.26, 
9057061.00, 7.38, 
9057070.00, 11.65, 
9057079.00, 17.55, 
9057087.00, 23.92, 
9057096.00, 30.11, 
9057104.00, 36.57, 
9057113.00, 43.57, 
9057122.00, 50.41, 
9057130.00, 57.10, 
9057138.00, 63.51, 
9057147.00, 69.58, 
9057156.00, 75.61, 
9057165.00, 81.99, 
9057173.00, 88.62, 
9057181.00, 95.33, 
9057190.00, 102.71, 
9057199.00, 110.43, 
9057207.00, 118.12, 
9057216.00, 125.72, 
9057224.00, 133.15, 
9057233.00, 140.34, 
9057242.00, 146.59, 
9057250.00, 152.69, 
9057259.00, 159.08, 
9057267.00, 165.05, 
9057275.00, 171.05, 
9057285.00, 177.27, 
9057293.00, 183.99, 
9057302.00, 190.52, 
9057310.00, 197.24, 
9057318.00, 203.99, 
9057328.00, 210.65, 
9057336.00, 216.76, 
9057344.00, 222.87, 
9057353.00, 228.12, 
9057361.00, 233.63, 
9057371.00, 238.35, 
9057379.00, 243.11, 
9057387.00, 247.86, 
9057396.00, 252.67, 
9057404.00, 257.20, 
9057413.00, 261.77, 
9057422.00, 266.28, 
9057430.00, 270.32, 
9057439.00, 273.92, 
9057447.00, 277.31, 
9057456.00, 280.80, 
9057465.00, 284.34, 
9057473.00, 287.41, 
9057481.00, 290.57, 
9057490.00, 293.39, 
9057499.00, 295.73, 
9057507.00, 297.82, 
9057516.00, 298.68, 
9057524.00, 298.94, 
9057533.00, 299.15, 
9057542.00, 299.38, 
9057550.00, 299.37, 
9057559.00, 299.34, 
9057567.00, 298.97, 
9057575.00, 298.94, 
9057585.00, 297.76, 
9057593.00, 295.89, 
9057602.00, 293.92, 
9057610.00, 291.56, 
9057618.00, 288.42, 
9057628.00, 285.25, 
9057636.00, 282.00, 
9057644.00, 278.82, 
9057653.00, 275.30, 
9057661.00, 271.61, 
9057670.00, 268.53, 
9057679.00, 264.56, 
9057687.00, 260.07, 
9057696.00, 255.86, 
9057704.00, 250.86, 
9057713.00, 245.75, 
9057722.00, 240.29, 
9057730.00, 234.83, 
9057738.00, 229.27, 
9057747.00, 223.27, 
9057756.00, 217.30, 
9057765.00, 211.65, 
9057773.00, 205.65, 
9057781.00, 199.55, 
9057790.00, 193.22, 
9057799.00, 186.96, 
9057807.00, 180.48, 
9057816.00, 173.75, 
9057824.00, 167.15, 
9057833.00, 160.97, 
9057842.00, 154.21, 
9057850.00, 147.61, 
9057859.00, 140.95, 
9057867.00, 133.99, 
9057875.00, 126.81, 
9057885.00, 119.69, 
9057893.00, 112.61, 
9057901.00, 105.52, 
9057910.00, 98.43, 
9057918.00, 91.79, 
9057928.00, 85.11, 
9057936.00, 78.02, 
9057944.00, 71.11, 
9057953.00, 64.40, 
9057961.00, 57.29, 
9057971.00, 50.24, 
9057979.00, 42.96, 
9057987.00, 35.67, 
9057996.00, 28.34, 
9058004.00, 21.11, 
9058014.00, 14.00, 
9058022.00, 7.04, 
9058030.00, -0.07, 
9058039.00, -7.12, 
9058048.00, -13.97, 
9058057.00, -20.90, 
9058065.00, -27.89, 
9058073.00, -34.96, 
9058082.00, -42.13, 
9058091.00, -49.22, 
9058100.00, -56.39, 
9058108.00, -63.41, 
9058116.00, -70.22, 
9058125.00, -77.13, 
9058134.00, -84.12, 
9058142.00, -90.99, 
9058151.00, -97.80, 
9058159.00, -104.67, 
9058167.00, -111.53, 
9058177.00, -118.41, 
9058185.00, -125.24, 
9058194.00, -132.24, 
9058202.00, -139.28, 
9058210.00, -145.76, 
9058220.00, -152.63, 
9058228.00, -159.19, 
9058236.00, -165.71, 
9058245.00, -171.92, 
9058253.00, -178.14, 
9058263.00, -184.35, 
9058271.00, -190.50, 
9058279.00, -196.62, 
9058288.00, -202.92, 
9058296.00, -208.91, 
9058305.00, -214.89, 
9058314.00, -220.75, 
9058322.00, -226.32, 
9058331.00, -231.61, 
9058339.00, -236.66, 
9058348.00, -241.42, 
9058357.00, -246.24, 
9058365.00, -250.47, 
9058373.00, -254.99, 
9058382.00, -259.10, 
9058391.00, -263.23, 
9058399.00, -267.03, 
9058408.00, -270.81, 
9058416.00, -274.39, 
9058425.00, -277.54, 
9058434.00, -280.36, 
9058442.00, -283.07, 
9058451.00, -285.62, 
9058459.00, -287.61, 
9058467.00, -289.26, 
9058477.00, -290.53, 
9058485.00, -291.84, 
9058493.00, -292.97, 
9058502.00, -293.56, 
9058510.00, -293.55, 
9058520.00, -292.97, 
9058528.00, -292.30, 
9058536.00, -291.43, 
9058545.00, -289.83, 
9058553.00, -288.21, 
9058562.00, -286.39, 
9058571.00, -284.58, 
9058579.00, -282.30, 
9058588.00, -279.54, 
9058596.00, -276.63, 
9058605.00, -273.95, 
9058614.00, -270.75, 
9058622.00, -267.20, 
9058630.00, -263.48, 
9058639.00, -259.59, 
9058648.00, -255.66, 
9058656.00, -251.13, 
9058665.00, -246.30, 
9058673.00, -241.66, 
9058681.00, -236.55, 
9058691.00, -230.88, 
9058699.00, -225.35, 
9058708.00, -219.76, 
9058716.00, -214.25, 
9058724.00, -208.37, 
9058734.00, -202.48, 
9058742.00, -197.05, 
9058750.00, -191.22, 
9058759.00, -184.77, 
9058767.00, -178.57, 
9058777.00, -172.42, 
9058785.00, -165.75, 
9058793.00, -158.84, 
9058802.00, -151.97, 
9058810.00, -145.11, 
9058819.00, -138.18, 
9058828.00, -131.15, 
9058836.00, -124.40, 
9058845.00, -117.78, 
9058853.00, -110.94, 
9058862.00, -104.20, 
9058871.00, -97.44, 
9058879.00, -90.73, 
9058888.00, -83.54, 
9058896.00, -76.49, 
9058905.00, -69.58, 
9058914.00, -62.46, 
9058922.00, -55.15, 
9058930.00, -47.99, 
9058939.00, -41.23, 
9058948.00, -34.12, 
9058957.00, -27.13, 
9058965.00, -20.22, 
9058973.00, -13.54, 
9058982.00, -6.56, 
9058991.00, 0.64, 
9058999.00, 7.66, 
9059008.00, 14.65, 
9059016.00, 21.91, 
9059024.00, 29.06, 
9059034.00, 35.87, 
9059042.00, 42.72, 
9059051.00, 49.71, 
9059059.00, 56.27, 
9059067.00, 62.67, 
9059077.00, 69.37, 
9059085.00, 76.23, 
9059093.00, 82.88, 
9059102.00, 89.66, 
9059110.00, 96.92, 
9059119.00, 104.12, 
9059128.00, 111.10, 
9059136.00, 118.19, 
9059145.00, 125.24, 
9059153.00, 131.79, 
9059162.00, 138.27, 
9059171.00, 144.65, 
9059179.00, 150.98, 
9059187.00, 156.81, 
9059196.00, 163.05, 
9059205.00, 169.40, 
9059214.00, 175.79, 
9059222.00, 182.38, 
9059230.00, 188.91, 
9059239.00, 195.07, 
9059248.00, 201.01, 
9059256.00, 207.09, 
9059265.00, 212.68, 
9059273.00, 217.80, 
9059281.00, 222.82, 
9059291.00, 227.79, 
9059299.00, 232.72, 
9059308.00, 237.32, 
9059316.00, 242.02, 
9059324.00, 246.84, 
9059334.00, 251.37, 
9059342.00, 255.41, 
9059350.00, 259.43, 
9059359.00, 262.80, 
9059367.00, 266.27, 
9059377.00, 269.61, 
9059385.00, 272.71, 
9059393.00, 275.46, 
9059402.00, 277.82, 
9059410.00, 279.79, 
9059419.00, 282.06, 
9059428.00, 283.95, 
9059436.00, 284.70, 
9059444.00, 285.65, 
9059453.00, 286.25, 
9059462.00, 286.75, 
9059471.00, 286.52, 
9059479.00, 286.26, 
9059487.00, 285.96, 
9059496.00, 285.17, 
9059505.00, 283.85, 
9059513.00, 281.90, 
9059522.00, 279.98, 
9059530.00, 277.62, 
9059538.00, 274.57, 
9059548.00, 271.60, 
9059556.00, 268.65, 
9059564.00, 265.56, 
9059573.00, 262.30, 
9059581.00, 258.91, 
9059591.00, 255.60, 
9059599.00, 252.11, 
9059607.00, 248.01, 
9059616.00, 243.65, 
9059624.00, 239.01, 
9059633.00, 233.98, 
9059642.00, 228.51, 
9059650.00, 223.03, 
9059658.00, 217.59, 
9059667.00, 211.95, 
9059676.00, 206.19, 
9059685.00, 200.45, 
9059693.00, 194.74, 
9059701.00, 188.97, 
9059710.00, 182.95, 
9059719.00, 176.87, 
9059727.00, 170.93, 
9059736.00, 164.57, 
9059744.00, 158.06, 
9059753.00, 151.79, 
9059762.00, 145.18, 
9059770.00, 138.04, 
9059779.00, 131.13, 
9059787.00, 124.39, 
9059795.00, 117.51, 
9059805.00, 110.33, 
9059813.00, 103.52, 
9059821.00, 97.18, 
9059830.00, 90.54, 
9059838.00, 83.67, 
9059848.00, 76.96, 
9059856.00, 70.17, 
9059864.00, 63.22, 
9059873.00, 56.00, 
9059881.00, 49.02, 
9059890.00, 41.95, 
9059899.00, 34.74, 
9059907.00, 27.43, 
9059916.00, 20.54, 
9059924.00, 13.53, 
9059933.00, 6.63, 
9059942.00, -0.27, 
9059950.00, -7.13, 
9059958.00, -14.08, 
9059968.00, -21.01, 
9059976.00, -28.01, 
9059985.00, -35.01, 
9059993.00, -41.97, 
9060001.00, -49.07, 
9060011.00, -56.13, 
9060019.00, -62.99, 
9060027.00, -69.85, 
9060036.00, -76.66, 
9060044.00, -83.30, 
9060054.00, -89.88, 
9060062.00, -96.61, 
9060070.00, -103.47, 
9060079.00, -110.25, 
9060087.00, -116.77, 
9060096.00, -123.59, 
9060105.00, -130.53, 
9060113.00, -137.01, 
9060121.00, -143.73, 
9060130.00, -150.48, 
9060139.00, -156.63, 
9060148.00, -162.82, 
9060156.00, -168.79, 
9060164.00, -174.83, 
9060173.00, -180.82, 
9060182.00, -186.69, 
9060190.00, -192.48, 
9060199.00, -198.44, 
9060207.00, -204.14, 
9060216.00, -209.92, 
9060225.00, -215.51, 
9060233.00, -220.74, 
9060242.00, -225.85, 
9060250.00, -230.50, 
9060258.00, -234.98, 
9060268.00, -239.32, 
9060276.00, -243.29, 
9060284.00, -247.36, 
9060293.00, -251.16, 
9060301.00, -254.79, 
9060311.00, -258.51, 
9060319.00, -261.88, 
9060327.00, -264.97, 
9060336.00, -267.76, 
9060344.00, -270.32, 
9060353.00, -272.77, 
9060362.00, -274.78, 
9060370.00, -276.43, 
9060378.00, -278.00, 
9060387.00, -279.32, 
9060396.00, -280.46, 
9060405.00, -281.36, 
9060413.00, -281.36, 
9060421.00, -280.88, 
9060430.00, -280.04, 
9060439.00, -278.99, 
9060447.00, -277.50, 
9060456.00, -275.66, 
9060464.00, -273.76, 
9060473.00, -271.88, 
9060482.00, -269.77, 
9060490.00, -267.34, 
9060499.00, -264.72, 
9060507.00, -262.05, 
9060515.00, -259.06, 
9060525.00, -255.73, 
9060533.00, -252.14, 
9060541.00, -248.41, 
9060550.00, -244.47, 
9060558.00, -240.00, 
9060567.00, -235.20, 
9060576.00, -230.45, 
9060584.00, -225.56, 
9060593.00, -220.29, 
9060601.00, -214.92, 
9060610.00, -209.57, 
9060619.00, -204.34, 
9060627.00, -198.78, 
9060636.00, -193.14, 
9060644.00, -187.52, 
9060653.00, -182.14, 
9060662.00, -175.81, 
9060670.00, -169.83, 
9060678.00, -163.81, 
9060687.00, -157.37, 
9060696.00, -150.75, 
9060705.00, -144.28, 
9060713.00, -137.45, 
9060721.00, -130.75, 
9060730.00, -124.10, 
9060739.00, -117.21, 
9060747.00, -110.69, 
9060756.00, -103.99, 
9060764.00, -97.63, 
9060772.00, -91.10, 
9060782.00, -84.27, 
9060790.00, -77.67, 
9060799.00, -70.66, 
9060807.00, -63.62, 
9060815.00, -56.53, 
9060825.00, -49.32, 
9060833.00, -42.14, 
9060841.00, -35.07, 
9060850.00, -28.18, 
9060858.00, -21.23, 
9060868.00, -14.50, 
9060876.00, -7.63, 
9060884.00, -0.76, 
9060893.00, 6.00, 
9060901.00, 13.01, 
9060910.00, 20.04, 
9060919.00, 26.94, 
9060927.00, 33.86, 
9060935.00, 40.86, 
9060944.00, 47.73, 
9060953.00, 54.35, 
9060962.00, 61.03, 
9060970.00, 67.72, 
9060978.00, 74.39, 
9060987.00, 81.04, 
9060996.00, 87.81, 
9061004.00, 94.63, 
9061013.00, 101.34, 
9061021.00, 108.00, 
9061030.00, 114.74, 
9061039.00, 121.45, 
9061047.00, 127.91, 
9061056.00, 134.36, 
9061064.00, 140.83, 
9061072.00, 147.14, 
9061082.00, 153.18, 
9061090.00, 159.48, 
9061099.00, 165.52, 
9061107.00, 171.61, 
9061115.00, 177.45, 
9061125.00, 183.76, 
9061133.00, 189.65, 
9061141.00, 195.35, 
9061150.00, 200.88, 
9061158.00, 206.40, 
9061167.00, 211.39, 
9061176.00, 215.98, 
9061184.00, 220.85, 
9061193.00, 225.60, 
9061201.00, 230.04, 
9061210.00, 234.32, 
9061219.00, 238.90, 
9061227.00, 243.00, 
9061235.00, 246.92, 
9061244.00, 250.29, 
9061253.00, 253.52, 
9061262.00, 256.65, 
9061270.00, 259.56, 
9061278.00, 262.25, 
9061287.00, 264.45, 
9061296.00, 266.82, 
9061304.00, 268.97, 
9061313.00, 270.86, 
9061321.00, 272.54, 
9061329.00, 273.52, 
9061339.00, 274.57, 
9061347.00, 274.90, 
9061355.00, 275.06, 
9061364.00, 274.73, 
9061372.00, 274.12, 
9061382.00, 273.42, 
9061390.00, 271.73, 
9061398.00, 269.90, 
9061407.00, 268.13, 
9061415.00, 265.85, 
9061424.00, 263.48, 
9061433.00, 260.88, 
9061441.00, 257.97, 
9061450.00, 255.22, 
9061458.00, 252.18, 
9061467.00, 249.37, 
9061476.00, 246.15, 
9061484.00, 242.55, 
9061492.00, 238.69, 
9061501.00, 234.63, 
9061510.00, 229.98, 
9061518.00, 225.06, 
9061527.00, 220.08, 
9061535.00, 214.79, 
9061544.00, 209.34, 
9061553.00, 203.78, 
9061561.00, 198.39, 
9061570.00, 193.04, 
9061578.00, 187.35, 
9061586.00, 181.88, 
9061596.00, 176.52, 
9061604.00, 170.76, 
9061612.00, 164.74, 
9061621.00, 158.81, 
9061632.00, 152.14, 
9061640.00, 145.11, 
9061649.00, 138.33, 
9061657.00, 131.55, 
9061665.00, 124.66, 
9061675.00, 117.79, 
9061683.00, 111.22, 
9061692.00, 104.48, 
9061700.00, 97.83, 
9061708.00, 91.47, 
9061718.00, 84.81, 
9061726.00, 78.29, 
9061734.00, 71.45, 
9061743.00, 64.94, 
9061751.00, 57.98, 
9061760.00, 51.10, 
9061769.00, 43.89, 
9061777.00, 36.85, 
9061785.00, 29.71, 
9061794.00, 22.60, 
9061803.00, 15.73, 
9061812.00, 9.00, 
9061820.00, 2.13, 
9061828.00, -4.70, 
9061837.00, -11.37, 
9061846.00, -18.14, 
9061854.00, -25.02, 
9061863.00, -31.98, 
9061871.00, -38.96, 
9061880.00, -46.01, 
9061889.00, -53.05, 
9061897.00, -59.91, 
9061906.00, -66.60, 
9061914.00, -73.24, 
9061922.00, -79.86, 
9061932.00, -86.28, 
9061940.00, -92.72, 
9061949.00, -99.14, 
9061957.00, -105.73, 
9061965.00, -112.22, 
9061975.00, -119.04, 
9061983.00, -125.67, 
9061991.00, -132.43, 
9062000.00, -139.00, 
9062008.00, -145.36, 
9062018.00, -151.40, 
9062026.00, -157.60, 
9062034.00, -163.25, 
9062043.00, -169.14, 
9062051.00, -174.59, 
9062060.00, -180.16, 
9062069.00, -185.88, 
9062077.00, -191.46, 
9062085.00, -197.12, 
9062094.00, -202.54, 
9062103.00, -207.98, 
9062112.00, -213.02, 
9062120.00, -217.92, 
9062128.00, -222.36, 
9062137.00, -226.76, 
9062146.00, -230.87, 
9062154.00, -234.66, 
9062163.00, -238.31, 
9062171.00, -241.82, 
9062179.00, -245.14, 
9062189.00, -248.23, 
9062197.00, -251.31, 
9062205.00, -254.16, 
9062214.00, -256.79, 
9062222.00, -259.35, 
9062232.00, -261.55, 
9062240.00, -263.62, 
9062248.00, -265.46, 
9062257.00, -266.82, 
9062265.00, -267.98, 
9062274.00, -268.93, 
9062283.00, -269.46, 
9062291.00, -268.99, 
9062299.00, -268.17, 
9062308.00, -267.33, 
9062317.00, -266.23, 
9062326.00, -264.58, 
9062334.00, -262.68, 
9062342.00, -261.11, 
9062351.00, -259.49, 
9062360.00, -257.55, 
9062368.00, -255.12, 
9062377.00, -252.61, 
9062385.00, -250.01, 
9062393.00, -247.27, 
9062403.00, -243.88, 
9062411.00, -240.05, 
9062420.00, -236.27, 
9062428.00, -232.12, 
9062436.00, -227.64, 
9062446.00, -222.96, 
9062454.00, -218.34, 
9062462.00, -213.52, 
9062471.00, -208.36, 
9062479.00, -203.10, 
9062489.00, -198.16, 
9062497.00, -193.07, 
9062505.00, -187.67, 
9062514.00, -182.36, 
9062522.00, -176.83, 
9062531.00, -171.34, 
9062540.00, -165.61, 
9062548.00, -159.39, 
9062557.00, -152.99, 
9062565.00, -146.39, 
9062574.00, -139.65, 
9062583.00, -132.98, 
9062591.00, -126.52, 
9062599.00, -120.04, 
9062608.00, -113.78, 
9062617.00, -107.75, 
9062626.00, -101.31, 
9062634.00, -95.15, 
9062642.00, -88.71, 
9062651.00, -82.29, 
9062660.00, -75.36, 
9062668.00, -68.37, 
9062677.00, -61.41, 
9062685.00, -54.27, 
9062693.00, -47.07, 
9062703.00, -40.14, 
9062711.00, -33.32, 
9062720.00, -26.70, 
9062728.00, -20.23, 
9062736.00, -13.90, 
9062746.00, -7.38, 
9062754.00, -0.54, 
9062762.00, 6.21, 
9062771.00, 13.12, 
9062779.00, 20.31, 
9062788.00, 27.54, 
9062797.00, 34.43, 
9062805.00, 41.31, 
9062814.00, 48.20, 
9062822.00, 54.70, 
9062831.00, 60.81, 
9062840.00, 67.07, 
9062848.00, 73.36, 
9062856.00, 79.68, 
9062865.00, 86.14, 
9062874.00, 92.91, 
9062883.00, 99.78, 
9062891.00, 106.65, 
9062899.00, 113.61, 
9062908.00, 120.49, 
9062917.00, 126.90, 
9062925.00, 133.01, 
9062934.00, 139.07, 
9062942.00, 144.80, 
9062951.00, 150.32, 
9062960.00, 156.01, 
9062968.00, 161.87, 
9062977.00, 167.71, 
9062985.00, 173.41, 
9062993.00, 179.46, 
9063003.00, 185.47, 
9063011.00, 191.25, 
9063020.00, 196.64, 
9063028.00, 201.68, 
9063036.00, 206.49, 
9063046.00, 210.83, 
9063054.00, 215.16, 
9063062.00, 219.47, 
9063071.00, 223.72, 
9063079.00, 227.39, 
9063088.00, 231.22, 
9063097.00, 235.05, 
9063105.00, 238.25, 
9063114.00, 241.34, 
9063122.00, 244.70, 
9063131.00, 247.70, 
9063140.00, 250.65, 
9063148.00, 253.12, 
9063156.00, 255.72, 
9063165.00, 257.86, 
9063174.00, 260.05, 
9063182.00, 261.69, 
9063191.00, 262.26, 
9063199.00, 262.87, 
9063207.00, 263.13, 
9063217.00, 262.99, 
9063225.00, 262.40, 
9063234.00, 261.74, 
9063242.00, 261.02, 
9063250.00, 260.15, 
9063260.00, 258.78, 
9063268.00, 257.12, 
9063276.00, 255.33, 
9063285.00, 253.03, 
9063293.00, 250.72, 
9063302.00, 247.91, 
9063311.00, 245.15, 
9063319.00, 242.29, 
9063328.00, 239.03, 
9063336.00, 235.97, 
9063345.00, 232.64, 
9063354.00, 228.91, 
9063362.00, 225.15, 
9063370.00, 220.73, 
9063379.00, 216.13, 
9063388.00, 211.20, 
9063397.00, 206.22, 
9063405.00, 201.09, 
9063413.00, 195.94, 
9063422.00, 190.61, 
9063431.00, 185.62, 
9063439.00, 180.45, 
9063448.00, 175.05, 
9063456.00, 169.42, 
9063464.00, 163.84, 
9063474.00, 157.92, 
9063482.00, 151.79, 
9063491.00, 145.51, 
9063499.00, 139.41, 
9063507.00, 132.95, 
9063518.00, 125.94, 
9063527.00, 119.39, 
9063535.00, 112.96, 
9063544.00, 106.40, 
9063553.00, 99.87, 
9063561.00, 93.43, 
9063570.00, 86.74, 
9063578.00, 80.15, 
9063586.00, 73.37, 
9063596.00, 66.87, 
9063604.00, 59.97, 
9063613.00, 52.89, 
9063621.00, 46.20, 
9063629.00, 39.73, 
9063639.00, 32.94, 
9063647.00, 26.24, 
9063655.00, 19.52, 
9063664.00, 12.73, 
9063672.00, 5.73, 
9063681.00, -1.11, 
9063690.00, -7.80, 
9063698.00, -14.71, 
9063707.00, -21.64, 
9063715.00, -28.29, 
9063724.00, -34.87, 
9063733.00, -41.71, 
9063741.00, -48.37, 
9063749.00, -54.73, 
9063758.00, -61.22, 
9063767.00, -67.87, 
9063775.00, -74.49, 
9063784.00, -80.74, 
9063792.00, -87.38, 
9063801.00, -94.21, 
9063810.00, -100.60, 
9063818.00, -106.78, 
9063827.00, -113.50, 
9063835.00, -119.96, 
9063843.00, -126.09, 
9063853.00, -132.27, 
9063861.00, -138.47, 
9063870.00, -144.45, 
9063878.00, -150.19, 
9063886.00, -156.12, 
9063896.00, -161.97, 
9063904.00, -167.38, 
9063912.00, -172.92, 
9063921.00, -178.64, 
9063929.00, -183.86, 
9063939.00, -188.99, 
9063947.00, -194.18, 
9063955.00, -199.38, 
9063964.00, -204.16, 
9063972.00, -208.64, 
9063981.00, -213.25, 
9063990.00, -217.58, 
9063998.00, -221.34, 
9064006.00, -224.99, 
9064015.00, -228.58, 
9064024.00, -231.94, 
9064032.00, -235.02, 
9064041.00, -238.35, 
9064049.00, -241.38, 
9064058.00, -244.13, 
9064067.00, -246.69, 
9064075.00, -249.07, 
9064084.00, -251.26, 
9064092.00, -252.96, 
9064100.00, -254.31, 
9064110.00, -255.46, 
9064118.00, -256.61, 
9064126.00, -257.45, 
9064135.00, -257.68, 
9064143.00, -257.44, 
9064153.00, -256.94, 
9064161.00, -256.25, 
9064169.00, -255.13, 
9064178.00, -253.58, 
9064186.00, -251.80, 
9064195.00, -250.16, 
9064204.00, -248.31, 
9064212.00, -246.17, 
9064221.00, -243.82, 
9064229.00, -241.42, 
9064238.00, -238.93, 
9064247.00, -236.07, 
9064255.00, -233.05, 
9064263.00, -229.75, 
9064272.00, -226.09, 
9064281.00, -221.85, 
9064289.00, -217.68, 
9064298.00, -213.29, 
9064306.00, -208.61, 
9064315.00, -203.71, 
9064324.00, -198.81, 
9064332.00, -194.11, 
9064341.00, -189.10, 
9064349.00, -183.81, 
9064357.00, -178.75, 
9064367.00, -173.40, 
9064375.00, -168.21, 
9064384.00, -162.85, 
9064392.00, -157.00, 
9064400.00, -151.23, 
9064410.00, -145.34, 
9064418.00, -139.05, 
9064427.00, -132.63, 
9064435.00, -126.14, 
9064443.00, -119.50, 
9064453.00, -113.16, 
9064461.00, -106.73, 
9064469.00, -100.63, 
9064478.00, -94.43, 
9064486.00, -88.24, 
9064495.00, -81.97, 
9064504.00, -75.87, 
9064512.00, -69.24, 
9064521.00, -62.45, 
9064529.00, -55.74, 
9064538.00, -48.75, 
9064547.00, -41.73, 
9064555.00, -34.88, 
9064563.00, -27.98, 
9064572.00, -21.36, 
9064581.00, -14.79, 
9064589.00, -8.32, 
9064598.00, -1.72, 
9064606.00, 4.93, 
9064615.00, 11.52, 
9064624.00, 18.07, 
9064632.00, 24.84, 
9064641.00, 31.61, 
9064649.00, 38.18, 
9064657.00, 44.86, 
9064667.00, 51.55, 
9064675.00, 57.93, 
9064683.00, 64.28, 
9064692.00, 70.65, 
9064700.00, 76.93, 
9064710.00, 83.25, 
9064718.00, 89.68, 
9064726.00, 96.15, 
9064735.00, 102.59, 
9064743.00, 108.94, 
9064752.00, 115.28, 
9064761.00, 121.67, 
9064769.00, 127.70, 
9064778.00, 133.62, 
9064786.00, 139.48, 
9064795.00, 145.63, 
9064804.00, 151.13, 
9064812.00, 156.77, 
9064822.00, 162.47, 
9064832.00, 168.40, 
9064840.00, 173.85, 
9064848.00, 179.51, 
9064857.00, 184.86, 
9064865.00, 189.95, 
9064873.00, 194.73, 
9064883.00, 199.53, 
9064891.00, 203.95, 
9064899.00, 208.27, 
9064908.00, 212.58, 
9064916.00, 216.50, 
9064926.00, 220.55, 
9064934.00, 223.93, 
9064942.00, 227.18, 
9064951.00, 230.55, 
9064960.00, 233.71, 
9064968.00, 236.45, 
9064977.00, 239.26, 
9064985.00, 241.64, 
9064994.00, 243.93, 
9065003.00, 245.95, 
9065011.00, 247.82, 
9065020.00, 249.35, 
9065028.00, 250.56, 
9065036.00, 251.75, 
9065046.00, 252.47, 
9065054.00, 252.52, 
9065062.00, 252.44, 
9065071.00, 252.22, 
9065079.00, 251.56, 
9065089.00, 250.29, 
9065097.00, 248.82, 
9065105.00, 247.30, 
9065114.00, 245.35, 
9065122.00, 242.99, 
9065131.00, 240.77, 
9065140.00, 238.58, 
9065148.00, 236.13, 
9065156.00, 233.23, 
9065165.00, 230.54, 
9065174.00, 227.73, 
9065183.00, 224.64, 
9065191.00, 221.18, 
9065199.00, 217.63, 
9065208.00, 213.54, 
9065217.00, 209.27, 
9065225.00, 204.65, 
9065234.00, 199.76, 
9065242.00, 194.79, 
9065251.00, 189.75, 
9065260.00, 184.55, 
9065268.00, 179.50, 
9065277.00, 174.45, 
9065285.00, 169.31, 
9065293.00, 164.15, 
9065303.00, 158.87, 
9065311.00, 153.46, 
9065319.00, 147.90, 
9065328.00, 141.96, 
9065336.00, 135.83, 
9065346.00, 129.59, 
9065354.00, 123.08, 
9065362.00, 116.48, 
9065371.00, 110.16, 
9065379.00, 103.71, 
9065388.00, 97.40, 
9065397.00, 91.11, 
9065405.00, 85.10, 
9065414.00, 79.11, 
9065422.00, 72.86, 
9065431.00, 66.63, 
9065440.00, 60.27, 
9065448.00, 53.47, 
9065456.00, 46.45, 
9065465.00, 39.48, 
9065474.00, 32.51, 
9065482.00, 25.55, 
9065491.00, 18.70, 
9065499.00, 12.28, 
9065508.00, 5.87, 
9065517.00, -0.59, 
9065525.00, -6.95, 
9065534.00, -13.15, 
9065542.00, -19.61, 
9065550.00, -26.30, 
9065560.00, -32.89, 
9065568.00, -39.60, 
9065576.00, -46.56, 
9065585.00, -53.36, 
9065593.00, -59.91, 
9065602.00, -66.54, 
9065611.00, -73.11, 
9065619.00, -79.40, 
9065628.00, -85.43, 
9065636.00, -91.59, 
9065645.00, -97.79, 
9065654.00, -103.58, 
9065662.00, -109.62, 
9065670.00, -115.95, 
9065679.00, -122.11, 
9065688.00, -128.30, 
9065697.00, -134.52, 
9065705.00, -140.71, 
9065713.00, -146.58, 
9065722.00, -152.24, 
9065731.00, -157.76, 
9065739.00, -163.11, 
9065748.00, -168.03, 
9065756.00, -172.91, 
9065764.00, -177.95, 
9065774.00, -182.83, 
9065782.00, -187.66, 
9065791.00, -192.34, 
9065799.00, -197.16, 
9065807.00, -201.75, 
9065817.00, -206.15, 
9065825.00, -210.43, 
9065833.00, -214.55, 
9065842.00, -218.22, 
9065850.00, -221.71, 
9065859.00, -224.78, 
9065868.00, -227.73, 
9065876.00, -230.34, 
9065885.00, -232.59, 
9065893.00, -234.92, 
9065902.00, -236.97, 
9065911.00, -238.82, 
9065919.00, -240.52, 
9065927.00, -242.28, 
9065936.00, -243.96, 
9065945.00, -245.41, 
9065953.00, -246.56, 
9065962.00, -247.54, 
9065970.00, -248.15, 
9065979.00, -247.95, 
9065988.00, -247.05, 
9065996.00, -246.08, 
9066005.00, -244.88, 
9066013.00, -243.16, 
9066021.00, -241.04, 
9066031.00, -238.89, 
9066039.00, -236.93, 
9066047.00, -234.70, 
9066056.00, -232.15, 
9066064.00, -229.66, 
9066074.00, -227.19, 
9066082.00, -224.82, 
9066090.00, -222.11, 
9066099.00, -219.07, 
9066107.00, -215.75, 
9066116.00, -212.00, 
9066125.00, -207.73, 
9066133.00, -203.13, 
9066141.00, -198.29, 
9066150.00, -193.35, 
9066159.00, -188.03, 
9066168.00, -183.03, 
9066176.00, -177.99, 
9066184.00, -172.96, 
9066193.00, -167.93, 
9066202.00, -163.18, 
9066211.00, -158.31, 
9066219.00, -153.30, 
9066227.00, -147.82, 
9066236.00, -142.21, 
9066245.00, -136.36, 
9066254.00, -130.00, 
9066262.00, -123.58, 
9066270.00, -117.19, 
9066279.00, -110.49, 
9066288.00, -103.91, 
9066296.00, -97.55, 
9066305.00, -91.49, 
9066313.00, -85.62, 
9066321.00, -79.64, 
9066331.00, -73.84, 
9066339.00, -68.14, 
9066348.00, -61.82, 
9066356.00, -55.56, 
9066364.00, -48.84, 
9066374.00, -41.83, 
9066382.00, -34.78, 
9066390.00, -27.70, 
9066399.00, -20.64, 
9066407.00, -13.95, 
9066416.00, -7.40, 
9066425.00, -0.94, 
9066433.00, 5.37, 
9066442.00, 11.50, 
9066450.00, 17.47, 
9066459.00, 23.56, 
9066468.00, 29.94, 
9066476.00, 36.29, 
9066484.00, 42.79, 
9066493.00, 49.70, 
9066502.00, 56.48, 
9066510.00, 63.05, 
9066519.00, 69.68, 
9066527.00, 76.15, 
9066536.00, 82.27, 
9066545.00, 88.12, 
9066553.00, 93.99, 
9066562.00, 99.94, 
9066570.00, 105.68, 
9066579.00, 111.46, 
9066588.00, 117.52, 
9066596.00, 123.67, 
9066605.00, 129.71, 
9066613.00, 135.64, 
9066621.00, 141.99, 
9066631.00, 147.82, 
9066639.00, 153.27, 
9066647.00, 158.99, 
9066656.00, 163.91, 
9066664.00, 169.05, 
9066674.00, 173.57, 
9066682.00, 178.43, 
9066690.00, 183.07, 
9066699.00, 187.48, 
9066707.00, 191.66, 
9066716.00, 196.41, 
9066725.00, 200.44, 
9066733.00, 204.55, 
9066742.00, 208.70, 
9066750.00, 212.58, 
9066759.00, 216.11, 
9066768.00, 219.51, 
9066776.00, 222.80, 
9066784.00, 225.97, 
9066793.00, 228.55, 
9066802.00, 230.57, 
9066810.00, 232.23, 
9066819.00, 233.98, 
9066827.00, 235.60, 
9066836.00, 237.20, 
9066845.00, 238.48, 
9066853.00, 239.78, 
9066862.00, 241.39, 
9066870.00, 242.37, 
9066878.00, 242.67, 
9066888.00, 242.85, 
9066896.00, 242.84, 
9066904.00, 242.30, 
9066913.00, 240.84, 
9066921.00, 239.07, 
9066931.00, 237.29, 
9066939.00, 235.02, 
9066947.00, 232.40, 
9066956.00, 229.95, 
9066964.00, 227.61, 
9066973.00, 225.11, 
9066982.00, 222.49, 
9066990.00, 220.09, 
9066998.00, 217.32, 
9067008.00, 214.53, 
9067016.00, 211.35, 
9067024.00, 208.09, 
9067033.00, 204.39, 
9067041.00, 200.20, 
9067051.00, 195.70, 
9067059.00, 190.82, 
9067067.00, 185.60, 
9067076.00, 180.26, 
9067084.00, 174.88, 
9067094.00, 169.71, 
9067102.00, 164.67, 
9067110.00, 159.68, 
9067119.00, 154.88, 
9067127.00, 150.32, 
9067136.00, 145.38, 
9067145.00, 140.09, 
9067153.00, 134.64, 
9067161.00, 128.80, 
9067170.00, 122.48, 
9067179.00, 115.72, 
9067188.00, 109.08, 
9067196.00, 102.57, 
9067204.00, 95.87, 
9067213.00, 89.51, 
9067222.00, 83.67, 
9067230.00, 77.91, 
9067239.00, 72.04, 
9067247.00, 66.43, 
9067256.00, 60.65, 
9067265.00, 54.44, 
9067273.00, 47.82, 
9067282.00, 41.10, 
9067290.00, 34.31, 
9067298.00, 27.20, 
9067308.00, 20.08, 
9067316.00, 13.37, 
9067324.00, 6.85, 
9067333.00, 0.28, 
9067341.00, -5.92, 
9067350.00, -11.92, 
9067359.00, -17.97, 
9067367.00, -24.15, 
9067375.00, -30.47, 
9067384.00, -36.78, 
9067393.00, -43.34, 
9067402.00, -50.08, 
9067410.00, -56.66, 
9067418.00, -63.19, 
9067427.00, -69.72, 
9067436.00, -75.98, 
9067444.00, -82.17, 
9067453.00, -88.21, 
9067461.00, -94.16, 
9067470.00, -100.02, 
9067479.00, -106.02, 
9067487.00, -111.72, 
9067496.00, -117.56, 
9067504.00, -123.44, 
9067512.00, -129.23, 
9067522.00, -135.07, 
9067530.00, -140.82, 
9067539.00, -146.58, 
9067547.00, -152.14, 
9067555.00, -157.35, 
9067565.00, -162.58, 
9067573.00, -167.46, 
9067581.00, -172.15, 
9067590.00, -176.68, 
9067598.00, -181.29, 
9067607.00, -185.47, 
9067616.00, -189.79, 
9067624.00, -193.90, 
9067633.00, -198.21, 
9067641.00, -202.33, 
9067650.00, -206.28, 
9067659.00, -210.02, 
9067667.00, -213.49, 
9067675.00, -216.61, 
9067684.00, -219.49, 
9067693.00, -222.13, 
9067701.00, -224.49, 
9067710.00, -226.47, 
9067718.00, -228.26, 
9067726.00, -229.93, 
9067736.00, -231.46, 
9067744.00, -232.84, 
9067753.00, -234.14, 
9067761.00, -235.30, 
9067769.00, -236.43, 
9067779.00, -237.39, 
9067787.00, -237.90, 
9067795.00, -237.84, 
9067804.00, -237.28, 
9067812.00, -236.46, 
9067822.00, -235.30, 
9067830.00, -233.55, 
9067838.00, -231.49, 
9067847.00, -229.30, 
9067855.00, -227.10, 
9067864.00, -224.70, 
9067873.00, -222.14, 
9067881.00, -219.68, 
9067889.00, -217.20, 
9067898.00, -214.79, 
9067907.00, -212.06, 
9067916.00, -209.19, 
9067924.00, -206.24, 
9067932.00, -202.68, 
9067941.00, -198.58, 
9067950.00, -194.12, 
9067958.00, -189.50, 
9067967.00, -184.67, 
9067975.00, -179.56, 
9067984.00, -174.39, 
9067993.00, -169.49, 
9068001.00, -164.42, 
9068010.00, -159.60, 
9068018.00, -154.84, 
9068026.00, -150.08, 
9068036.00, -145.27, 
9068044.00, -140.13, 
9068053.00, -134.82, 
9068061.00, -129.35, 
9068069.00, -123.49, 
9068079.00, -117.12, 
9068087.00, -110.61, 
9068096.00, -104.09, 
9068104.00, -97.58, 
9068112.00, -91.17, 
9068122.00, -84.98, 
9068130.00, -78.99, 
9068138.00, -73.21, 
9068147.00, -67.41, 
9068155.00, -61.66, 
9068165.00, -55.70, 
9068173.00, -49.58, 
9068181.00, -43.16, 
9068190.00, -36.57, 
9068198.00, -29.89, 
9068207.00, -23.09, 
9068216.00, -16.22, 
9068224.00, -9.52, 
9068232.00, -2.99, 
9068241.00, 3.62, 
9068250.00, 9.96, 
9068259.00, 15.89, 
9068267.00, 21.78, 
9068275.00, 27.83, 
9068284.00, 33.78, 
9068293.00, 39.79, 
9068301.00, 46.00, 
9068310.00, 52.40, 
9068318.00, 58.81, 
9068326.00, 65.17, 
9068336.00, 71.77, 
9068344.00, 78.31, 
9068353.00, 84.55, 
9068361.00, 90.43, 
9068369.00, 96.32, 
9068379.00, 102.12, 
9068387.00, 107.58, 
9068395.00, 113.03, 
9068404.00, 118.66, 
9068412.00, 124.42, 
9068422.00, 130.09, 
9068430.00, 135.59, 
9068438.00, 141.71, 
9068447.00, 147.25, 
9068455.00, 152.53, 
9068465.00, 157.72, 
9068473.00, 162.70, 
9068481.00, 167.67, 
9068490.00, 172.05, 
9068498.00, 176.55, 
9068507.00, 181.00, 
9068516.00, 185.14, 
9068524.00, 188.86, 
9068532.00, 192.80, 
9068541.00, 196.89, 
9068550.00, 200.43, 
9068559.00, 203.90, 
9068567.00, 207.42, 
9068575.00, 210.92, 
9068584.00, 214.04, 
9068593.00, 217.15, 
9068601.00, 220.02, 
9068610.00, 222.55, 
9068618.00, 224.50, 
9068626.00, 226.09, 
9068636.00, 227.42, 
9068644.00, 228.86, 
9068653.00, 229.99, 
9068661.00, 231.09, 
9068669.00, 231.88, 
9068679.00, 232.39, 
9068687.00, 232.71, 
9068695.00, 232.60, 
9068704.00, 232.34, 
9068712.00, 231.79, 
9068721.00, 230.93, 
9068730.00, 229.50, 
9068738.00, 227.74, 
9068747.00, 225.68, 
9068755.00, 223.44, 
9068764.00, 221.03, 
9068773.00, 218.53, 
9068781.00, 216.28, 
9068789.00, 213.68, 
9068798.00, 211.03, 
9068807.00, 208.21, 
9068815.00, 205.30, 
9068824.00, 202.20, 
9068832.00, 198.89, 
9068841.00, 195.33, 
9068850.00, 191.44, 
9068858.00, 187.19, 
9068867.00, 182.56, 
9068875.00, 177.76, 
9068883.00, 172.73, 
9068893.00, 167.80, 
9068901.00, 162.77, 
9068910.00, 157.85, 
9068918.00, 152.80, 
9068926.00, 147.83, 
9068936.00, 142.94, 
9068944.00, 138.05, 
9068952.00, 132.83, 
9068961.00, 127.47, 
9068969.00, 121.82, 
9068979.00, 116.00, 
9068987.00, 109.88, 
9068995.00, 103.52, 
9069004.00, 97.32, 
9069012.00, 90.98, 
9069021.00, 84.92, 
9069030.00, 78.85, 
9069038.00, 72.96, 
9069047.00, 67.01, 
9069056.00, 61.21, 
9069064.00, 55.30, 
9069073.00, 49.36, 
9069081.00, 43.07, 
9069089.00, 36.61, 
9069099.00, 30.06, 
9069107.00, 23.41, 
9069115.00, 16.59, 
9069124.00, 10.06, 
9069132.00, 3.55, 
9069140.00, -2.84, 
9069150.00, -9.04, 
9069158.00, -15.13, 
9069167.00, -21.06, 
9069175.00, -27.07, 
9069184.00, -33.23, 
9069193.00, -39.44, 
9069201.00, -45.70, 
9069209.00, -52.13, 
9069218.00, -58.51, 
9069227.00, -64.85, 
9069235.00, -71.04, 
9069244.00, -77.21, 
9069252.00, -83.25, 
9069261.00, -89.18, 
9069270.00, -94.92, 
9069278.00, -100.76, 
9069287.00, -106.81, 
9069295.00, -112.21, 
9069303.00, -117.78, 
9069313.00, -123.23, 
9069321.00, -128.76, 
9069330.00, -134.16, 
9069338.00, -139.67, 
9069346.00, -145.03, 
9069356.00, -150.40, 
9069364.00, -155.49, 
9069372.00, -160.56, 
9069381.00, -165.26, 
9069389.00, -169.87, 
9069398.00, -174.22, 
9069407.00, -178.28, 
9069415.00, -182.21, 
9069424.00, -186.14, 
9069432.00, -189.87, 
9069441.00, -193.66, 
9069450.00, -197.37, 
9069458.00, -200.94, 
9069466.00, -204.47, 
9069475.00, -207.74, 
9069484.00, -210.69, 
9069492.00, -213.39, 
9069501.00, -215.82, 
9069509.00, -217.93, 
9069517.00, -219.71, 
9069527.00, -221.37, 
9069535.00, -222.84, 
9069544.00, -223.99, 
9069552.00, -225.03, 
9069560.00, -225.97, 
9069570.00, -226.98, 
9069578.00, -227.76, 
9069586.00, -228.00, 
9069595.00, -227.88, 
9069603.00, -227.53, 
9069613.00, -227.03, 
9069621.00, -226.03, 
9069629.00, -224.54, 
9069638.00, -222.81, 
9069646.00, -221.07, 
9069655.00, -219.02, 
9069664.00, -216.55, 
9069672.00, -213.95, 
9069681.00, -211.49, 
9069689.00, -209.09, 
9069698.00, -206.38, 
9069707.00, -203.56, 
9069715.00, -200.89, 
9069723.00, -197.94, 
9069732.00, -194.50, 
9069741.00, -190.68, 
9069749.00, -186.71, 
9069758.00, -182.42, 
9069766.00, -177.76, 
9069775.00, -172.87, 
9069784.00, -168.04, 
9069792.00, -163.30, 
9069801.00, -158.37, 
9069809.00, -153.42, 
9069818.00, -148.68, 
9069827.00, -143.88, 
9069835.00, -139.01, 
9069844.00, -133.93, 
9069852.00, -128.93, 
9069860.00, -123.44, 
9069870.00, -117.84, 
9069878.00, -111.75, 
9069887.00, -105.83, 
9069895.00, -99.69, 
9069903.00, -93.38, 
9069913.00, -87.25, 
9069921.00, -81.40, 
9069929.00, -75.24, 
9069938.00, -69.30, 
9069946.00, -63.55, 
9069956.00, -57.81, 
9069964.00, -51.92, 
9069972.00, -45.97, 
9069981.00, -39.93, 
9069989.00, -33.66, 
9069998.00, -27.08, 
9070007.00, -20.64, 
9070015.00, -14.06, 
9070023.00, -7.35, 
9070032.00, -0.82, 
9070041.00, 5.54, 
9070050.00, 11.73, 
9070058.00, 17.75, 
9070066.00, 23.63, 
9070075.00, 29.43, 
9070084.00, 35.12, 
9070092.00, 41.02, 
9070101.00, 46.99, 
9070109.00, 53.04, 
9070118.00, 59.23, 
9070127.00, 65.56, 
9070135.00, 71.89, 
9070144.00, 78.18, 
9070152.00, 84.31, 
9070160.00, 90.24, 
9070170.00, 95.97, 
9070178.00, 101.48, 
9070187.00, 106.86, 
9070195.00, 112.23, 
9070203.00, 117.54, 
9070213.00, 122.72, 
9070221.00, 128.30, 
9070229.00, 133.81, 
9070238.00, 139.20, 
9070246.00, 144.39, 
9070256.00, 149.62, 
9070264.00, 154.82, 
9070272.00, 159.62, 
9070281.00, 164.18, 
9070289.00, 168.83, 
9070298.00, 173.18, 
9070307.00, 177.07, 
9070315.00, 180.71, 
9070323.00, 184.60, 
9070332.00, 188.24, 
9070341.00, 191.64, 
9070350.00, 194.99, 
9070358.00, 198.42, 
9070366.00, 201.61, 
9070375.00, 204.51, 
9070384.00, 207.53, 
9070392.00, 210.55, 
9070401.00, 213.21, 
9070409.00, 215.31, 
9070417.00, 217.09, 
9070427.00, 218.97, 
9070435.00, 220.46, 
9070444.00, 221.66, 
9070452.00, 222.21, 
9070460.00, 222.91, 
9070470.00, 223.35, 
9070478.00, 223.47, 
9070486.00, 223.16, 
9070495.00, 222.86, 
9070503.00, 222.59, 
9070512.00, 221.75, 
9070521.00, 220.65, 
9070529.00, 219.31, 
9070537.00, 217.77, 
9070546.00, 215.78, 
9070555.00, 213.50, 
9070564.00, 211.42, 
9070572.00, 209.00, 
9070580.00, 206.50, 
9070589.00, 203.85, 
9070598.00, 201.05, 
9070606.00, 198.21, 
9070615.00, 195.03, 
9070623.00, 191.74, 
9070631.00, 188.35, 
9070641.00, 184.70, 
9070649.00, 180.67, 
9070658.00, 176.50, 
9070666.00, 172.15, 
9070674.00, 167.50, 
9070684.00, 162.62, 
9070692.00, 157.95, 
9070700.00, 153.14, 
9070709.00, 148.27, 
9070717.00, 143.45, 
9070727.00, 138.48, 
9070735.00, 133.51, 
9070743.00, 128.39, 
9070752.00, 123.19, 
9070760.00, 117.83, 
9070769.00, 112.19, 
9070778.00, 106.41, 
9070786.00, 100.62, 
9070795.00, 94.59, 
9070803.00, 88.53, 
9070812.00, 82.61, 
9070821.00, 76.61, 
9070829.00, 70.64, 
9070837.00, 64.77, 
9070846.00, 58.89, 
9070855.00, 53.09, 
9070864.00, 47.15, 
9070872.00, 41.08, 
9070880.00, 35.09, 
9070889.00, 28.86, 
9070898.00, 22.40, 
9070906.00, 16.10, 
9070915.00, 9.80, 
9070923.00, 3.32, 
9070931.00, -3.04, 
9070941.00, -9.20, 
9070949.00, -15.36, 
9070957.00, -21.41, 
9070966.00, -27.35, 
9070974.00, -33.17, 
9070984.00, -39.06, 
9070992.00, -45.13, 
9071000.00, -51.06, 
9071009.00, -56.99, 
9071017.00, -63.19, 
9071026.00, -69.39, 
9071035.00, -75.41, 
9071043.00, -81.48, 
9071052.00, -87.52, 
9071060.00, -93.39, 
9071069.00, -98.89, 
9071078.00, -104.49, 
9071086.00, -109.62, 
9071094.00, -114.98, 
9071104.00, -120.12, 
9071112.00, -125.37, 
9071121.00, -130.64, 
9071129.00, -135.89, 
9071137.00, -141.08, 
9071147.00, -146.35, 
9071155.00, -151.31, 
9071163.00, -156.05, 
9071172.00, -160.56, 
9071180.00, -164.92, 
9071188.00, -169.19, 
9071198.00, -173.19, 
9071206.00, -176.99, 
9071215.00, -180.84, 
9071223.00, -184.53, 
9071232.00, -188.04, 
9071241.00, -191.32, 
9071249.00, -194.64, 
9071257.00, -197.83, 
9071266.00, -200.73, 
9071275.00, -203.53, 
9071283.00, -206.27, 
9071292.00, -208.68, 
9071300.00, -210.69, 
9071308.00, -212.52, 
9071318.00, -214.28, 
9071326.00, -215.66, 
9071335.00, -216.48, 
9071343.00, -217.35, 
9071351.00, -218.25, 
9071361.00, -218.90, 
9071369.00, -219.05, 
9071377.00, -218.89, 
9071386.00, -218.72, 
9071394.00, -218.52, 
9071404.00, -217.81, 
9071412.00, -216.53, 
9071420.00, -215.14, 
9071429.00, -213.76, 
9071437.00, -212.13, 
9071446.00, -209.99, 
9071455.00, -207.53, 
9071463.00, -205.28, 
9071472.00, -202.93, 
9071480.00, -200.33, 
9071489.00, -197.52, 
9071498.00, -194.79, 
9071506.00, -191.87, 
9071514.00, -188.70, 
9071523.00, -185.07, 
9071532.00, -181.32, 
9071540.00, -177.35, 
9071549.00, -172.99, 
9071557.00, -168.52, 
9071566.00, -164.21, 
9071575.00, -159.64, 
9071583.00, -154.88, 
9071592.00, -150.29, 
9071600.00, -145.63, 
9071609.00, -140.65, 
9071618.00, -135.74, 
9071626.00, -130.79, 
9071635.00, -125.88, 
9071643.00, -120.61, 
9071651.00, -115.20, 
9071661.00, -109.73, 
9071669.00, -104.23, 
9071678.00, -98.31, 
9071686.00, -92.44, 
9071694.00, -86.54, 
9071704.00, -80.65, 
9071712.00, -74.65, 
9071721.00, -68.78, 
9071729.00, -63.09, 
9071737.00, -57.39, 
9071747.00, -51.54, 
9071755.00, -45.82, 
9071763.00, -40.00, 
9071772.00, -33.87, 
9071780.00, -27.64, 
9071789.00, -21.39, 
9071798.00, -15.11, 
9071806.00, -8.74, 
9071815.00, -2.27, 
9071823.00, 4.00, 
9071832.00, 10.03, 
9071841.00, 16.02, 
9071849.00, 21.79, 
9071857.00, 27.35, 
9071866.00, 33.05, 
9071875.00, 38.85, 
9071883.00, 44.63, 
9071892.00, 50.40, 
9071900.00, 56.44, 
9071908.00, 62.64, 
9071918.00, 68.71, 
9071926.00, 74.68, 
9071935.00, 80.73, 
9071943.00, 86.57, 
9071951.00, 92.02, 
9071961.00, 97.44, 
9071969.00, 102.89, 
9071978.00, 108.12, 
9071986.00, 113.33, 
9071994.00, 118.53, 
9072004.00, 123.89, 
9072012.00, 128.95, 
9072020.00, 133.93, 
9072029.00, 138.99, 
9072037.00, 144.13, 
9072047.00, 148.85, 
9072055.00, 153.55, 
9072063.00, 158.40, 
9072072.00, 162.89, 
9072080.00, 166.76, 
9072089.00, 170.73, 
9072098.00, 174.66, 
9072106.00, 178.26, 
9072114.00, 181.42, 
9072123.00, 184.67, 
9072132.00, 188.03, 
9072141.00, 191.00, 
9072149.00, 194.07, 
9072157.00, 197.02, 
9072166.00, 200.12, 
9072175.00, 202.96, 
9072183.00, 205.22, 
9072192.00, 207.30, 
9072200.00, 209.29, 
9072208.00, 211.00, 
9072218.00, 212.26, 
9072226.00, 213.33, 
9072235.00, 214.13, 
9072243.00, 214.90, 
9072251.00, 215.15, 
9072261.00, 215.01, 
9072269.00, 214.88, 
9072277.00, 214.67, 
9072286.00, 214.17, 
9072294.00, 213.22, 
9072303.00, 211.96, 
9072312.00, 210.75, 
9072320.00, 209.20, 
9072328.00, 207.31, 
9072337.00, 205.24, 
9072346.00, 203.15, 
9072355.00, 201.00, 
9072363.00, 198.55, 
9072371.00, 195.88, 
9072380.00, 193.32, 
9072389.00, 190.41, 
9072397.00, 187.43, 
9072406.00, 184.25, 
9072414.00, 180.98, 
9072422.00, 177.24, 
9072432.00, 173.29, 
9072440.00, 169.28, 
9072449.00, 165.17, 
9072457.00, 160.51, 
9072465.00, 155.92, 
9072475.00, 151.42, 
9072483.00, 146.78, 
9072491.00, 141.86, 
9072500.00, 137.19, 
9072508.00, 132.49, 
9072518.00, 127.56, 
9072526.00, 122.46, 
9072534.00, 117.36, 
9072543.00, 112.24, 
9072551.00, 106.76, 
9072560.00, 101.09, 
9072569.00, 95.56, 
9072577.00, 89.81, 
9072586.00, 83.76, 
9072594.00, 77.88, 
9072603.00, 72.11, 
9072612.00, 66.36, 
9072620.00, 60.52, 
9072628.00, 54.84, 
9072637.00, 49.26, 
9072646.00, 43.44, 
9072655.00, 37.38, 
9072663.00, 31.49, 
9072671.00, 25.53, 
9072680.00, 19.26, 
9072689.00, 13.01, 
9072697.00, 6.94, 
9072706.00, 0.76, 
9072714.00, -5.53, 
9072722.00, -11.59, 
9072732.00, -17.41, 
9072740.00, -23.31, 
9072749.00, -29.21, 
9072757.00, -34.94, 
9072765.00, -40.61, 
9072775.00, -46.52, 
9072783.00, -52.41, 
9072791.00, -58.25, 
9072800.00, -64.20, 
9072808.00, -70.15, 
9072818.00, -76.06, 
9072826.00, -81.77, 
9072834.00, -87.51, 
9072843.00, -93.07, 
9072851.00, -98.44, 
9072860.00, -103.75, 
9072869.00, -109.14, 
9072877.00, -114.27, 
9072886.00, -119.27, 
9072894.00, -124.31, 
9072903.00, -129.39, 
9072912.00, -134.39, 
9072920.00, -139.23, 
9072928.00, -144.22, 
9072937.00, -148.94, 
9072946.00, -153.38, 
9072955.00, -157.75, 
9072963.00, -161.93, 
9072971.00, -165.90, 
9072980.00, -169.59, 
9072989.00, -173.32, 
9072997.00, -176.97, 
9073006.00, -180.27, 
9073014.00, -183.43, 
9073022.00, -186.60, 
9073032.00, -189.74, 
9073040.00, -192.47, 
9073048.00, -195.19, 
9073057.00, -197.88, 
9073065.00, -200.18, 
9073075.00, -202.14, 
9073083.00, -204.00, 
9073091.00, -205.76, 
9073100.00, -207.31, 
9073108.00, -208.35, 
9073117.00, -209.26, 
9073126.00, -210.15, 
9073134.00, -210.97, 
9073142.00, -211.29, 
9073152.00, -211.17, 
9073160.00, -210.81, 
9073169.00, -210.43, 
9073177.00, -209.82, 
9073185.00, -208.74, 
9073195.00, -207.31, 
9073203.00, -205.88, 
9073212.00, -204.41, 
9073220.00, -202.60, 
9073228.00, -200.46, 
9073238.00, -198.20, 
9073246.00, -195.98, 
9073254.00, -193.65, 
9073263.00, -191.06, 
9073271.00, -188.31, 
9073280.00, -185.55, 
9073289.00, -182.55, 
9073297.00, -179.14, 
9073306.00, -175.55, 
9073314.00, -171.77, 
9073323.00, -167.68, 
9073332.00, -163.29, 
9073342.00, -158.64, 
9073350.00, -154.22, 
9073359.00, -149.55, 
9073368.00, -144.89, 
9073376.00, -140.63, 
9073385.00, -135.91, 
9073393.00, -131.30, 
9073401.00, -126.38, 
9073411.00, -121.36, 
9073419.00, -116.23, 
9073428.00, -110.93, 
9073436.00, -105.46, 
9073444.00, -99.94, 
9073454.00, -94.36, 
9073462.00, -88.64, 
9073471.00, -82.80, 
9073479.00, -77.08, 
9073487.00, -71.46, 
9073497.00, -65.63, 
9073505.00, -59.97, 
9073513.00, -54.38, 
9073522.00, -48.82, 
9073530.00, -43.12, 
9073539.00, -37.35, 
9073548.00, -31.44, 
9073556.00, -25.43, 
9073565.00, -19.33, 
9073573.00, -13.29, 
9073582.00, -7.15, 
9073591.00, -0.84, 
9073599.00, 5.35, 
9073607.00, 11.25, 
9073616.00, 16.99, 
9073625.00, 22.76, 
9073634.00, 28.24, 
9073642.00, 33.67, 
9073650.00, 39.29, 
9073659.00, 44.98, 
9073668.00, 50.50, 
9073676.00, 56.29, 
9073685.00, 62.33, 
9073693.00, 68.26, 
9073701.00, 73.97, 
9073711.00, 79.79, 
9073719.00, 85.59, 
9073728.00, 90.98, 
9073736.00, 96.21, 
9073744.00, 101.54, 
9073754.00, 106.74, 
9073762.00, 111.53, 
9073770.00, 116.46, 
9073779.00, 121.48, 
9073787.00, 126.24, 
9073797.00, 131.23, 
9073805.00, 136.14, 
9073813.00, 141.04, 
9073822.00, 145.77, 
9073830.00, 150.33, 
9073839.00, 154.71, 
9073848.00, 158.88, 
9073856.00, 162.65, 
9073865.00, 166.55, 
9073873.00, 170.24, 
9073882.00, 173.57, 
9073891.00, 176.83, 
9073899.00, 179.75, 
9073907.00, 182.79, 
9073916.00, 185.58, 
9073925.00, 188.40, 
9073933.00, 191.23, 
9073942.00, 193.80, 
9073950.00, 196.55, 
9073959.00, 198.74, 
9073968.00, 200.87, 
9073976.00, 202.64, 
9073985.00, 204.40, 
9073993.00, 205.59, 
9074001.00, 206.42, 
9074011.00, 207.01, 
9074019.00, 207.42, 
9074027.00, 207.37, 
9074036.00, 207.16, 
9074044.00, 206.78, 
9074054.00, 206.25, 
9074062.00, 205.49, 
9074070.00, 204.54, 
9074079.00, 203.35, 
9074087.00, 202.08, 
9074096.00, 200.44, 
9074105.00, 198.61, 
9074113.00, 196.60, 
9074121.00, 194.58, 
9074130.00, 192.40, 
9074139.00, 190.08, 
9074147.00, 187.62, 
9074156.00, 185.04, 
9074164.00, 182.26, 
9074173.00, 178.96, 
9074182.00, 175.62, 
9074190.00, 172.13, 
9074199.00, 168.43, 
9074207.00, 164.43, 
9074215.00, 160.49, 
9074225.00, 156.38, 
9074233.00, 152.12, 
9074242.00, 147.77, 
9074250.00, 143.46, 
9074258.00, 139.00, 
9074268.00, 134.27, 
9074276.00, 129.55, 
9074284.00, 124.89, 
9074293.00, 120.02, 
9074301.00, 114.87, 
9074311.00, 109.76, 
9074319.00, 104.62, 
9074327.00, 99.27, 
9074336.00, 93.67, 
9074344.00, 88.25, 
9074353.00, 82.67, 
9074362.00, 76.88, 
9074370.00, 71.23, 
9074379.00, 65.79, 
9074387.00, 60.10, 
9074396.00, 54.33, 
9074405.00, 48.77, 
9074413.00, 43.20, 
9074421.00, 37.42, 
9074430.00, 31.53, 
9074439.00, 25.81, 
9074447.00, 19.95, 
9074456.00, 13.81, 
9074464.00, 7.80, 
9074473.00, 1.89, 
9074482.00, -4.15, 
9074490.00, -10.23, 
9074499.00, -16.09, 
9074507.00, -21.85, 
9074515.00, -27.62, 
9074525.00, -33.36, 
9074533.00, -38.96, 
9074542.00, -44.46, 
9074550.00, -50.15, 
9074558.00, -55.77, 
9074568.00, -61.43, 
9074576.00, -67.21, 
9074584.00, -72.90, 
9074593.00, -78.41, 
9074601.00, -83.98, 
9074611.00, -89.55, 
9074619.00, -94.91, 
9074627.00, -100.17, 
9074636.00, -105.58, 
9074644.00, -110.51, 
9074653.00, -115.41, 
9074662.00, -120.27, 
9074670.00, -125.16, 
9074679.00, -129.83, 
9074688.00, -134.40, 
9074696.00, -139.00, 
9074705.00, -143.48, 
9074713.00, -147.86, 
9074721.00, -152.06, 
9074731.00, -156.17, 
9074739.00, -160.15, 
9074747.00, -163.98, 
9074756.00, -167.68, 
9074764.00, -171.12, 
9074774.00, -174.25, 
9074782.00, -177.34, 
9074790.00, -180.26, 
9074799.00, -183.06, 
9074807.00, -185.73, 
9074816.00, -188.23, 
9074825.00, -190.65, 
9074833.00, -192.88, 
9074841.00, -194.80, 
9074850.00, -196.64, 
9074859.00, -198.23, 
9074867.00, -199.76, 
9074876.00, -200.96, 
9074884.00, -201.95, 
9074893.00, -202.85, 
9074902.00, -203.66, 
9074910.00, -204.10, 
9074919.00, -203.90, 
9074927.00, -203.31, 
9074935.00, -202.70, 
9074945.00, -202.07, 
9074953.00, -200.87, 
9074962.00, -199.39, 
9074970.00, -197.94, 
9074978.00, -196.53, 
9074988.00, -194.93, 
9074996.00, -192.95, 
9075005.00, -190.84, 
9075013.00, -188.83, 
9075021.00, -186.64, 
9075031.00, -184.07, 
9075039.00, -181.37, 
9075047.00, -178.69, 
9075056.00, -175.78, 
9075064.00, -172.41, 
9075073.00, -168.76, 
9075082.00, -165.19, 
9075090.00, -161.13, 
9075099.00, -156.78, 
9075107.00, -152.39, 
9075118.00, -147.95, 
9075126.00, -143.46, 
9075135.00, -138.96, 
9075143.00, -134.56, 
9075152.00, -130.39, 
9075161.00, -125.90, 
9075169.00, -121.19, 
9075178.00, -116.29, 
9075188.00, -111.02, 
9075196.00, -105.51, 
9075206.00, -99.80, 
9075214.00, -94.18, 
9075222.00, -88.52, 
9075231.00, -82.89, 
9075239.00, -77.17, 
9075249.00, -71.75, 
9075257.00, -66.34, 
9075265.00, -60.90, 
9075274.00, -55.39, 
9075282.00, -49.94, 
9075291.00, -44.43, 
9075300.00, -38.72, 
9075308.00, -32.96, 
9075316.00, -27.17, 
9075325.00, -21.28, 
9075334.00, -15.22, 
9075343.00, -9.36, 
9075351.00, -3.40, 
9075359.00, 2.65, 
9075368.00, 8.53, 
9075377.00, 14.15, 
9075385.00, 19.72, 
9075394.00, 25.31, 
9075402.00, 30.68, 
9075411.00, 35.95, 
9075420.00, 41.38, 
9075428.00, 46.91, 
9075437.00, 52.40, 
9075445.00, 58.05, 
9075453.00, 63.92, 
9075463.00, 69.74, 
9075471.00, 75.41, 
9075479.00, 81.04, 
9075488.00, 86.52, 
9075496.00, 91.73, 
9075506.00, 96.67, 
9075514.00, 101.59, 
9075522.00, 106.36, 
9075531.00, 111.06, 
9075539.00, 115.71, 
9075549.00, 120.78, 
9075557.00, 125.49, 
9075565.00, 130.25, 
9075574.00, 135.07, 
9075582.00, 139.78, 
9075591.00, 144.22, 
9075600.00, 148.35, 
9075608.00, 152.41, 
9075616.00, 156.35, 
9075625.00, 159.86, 
9075634.00, 163.35, 
9075643.00, 166.77, 
9075651.00, 170.00, 
9075659.00, 172.83, 
9075668.00, 175.72, 
9075677.00, 178.58, 
9075685.00, 181.44, 
9075694.00, 183.96, 
9075702.00, 186.61, 
9075712.00, 189.16, 
9075720.00, 191.39, 
9075728.00, 193.35, 
9075737.00, 195.20, 
9075745.00, 196.81, 
9075753.00, 198.06, 
9075763.00, 198.99, 
9075771.00, 199.51, 
9075779.00, 199.81, 
9075788.00, 200.02, 
9075796.00, 199.69, 
9075806.00, 199.41, 
9075814.00, 198.87, 
9075822.00, 198.23, 
9075831.00, 197.33, 
9075840.00, 196.25, 
9075848.00, 195.06, 
9075857.00, 193.62, 
9075865.00, 191.85, 
9075873.00, 189.89, 
9075883.00, 187.82, 
9075891.00, 185.81, 
9075900.00, 183.55, 
9075908.00, 181.25, 
9075916.00, 178.80, 
9075926.00, 176.03, 
9075934.00, 173.04, 
9075942.00, 169.84, 
9075951.00, 166.39, 
9075959.00, 162.73, 
9075968.00, 158.91, 
9075977.00, 155.05, 
9075985.00, 151.03, 
9075994.00, 146.97, 
9076002.00, 142.88, 
9076011.00, 138.70, 
9076020.00, 134.39, 
9076028.00, 129.95, 
9076037.00, 125.34, 
9076045.00, 120.61, 
9076054.00, 115.85, 
9076063.00, 111.01, 
9076071.00, 106.16, 
9076079.00, 101.01, 
9076088.00, 95.81, 
9076097.00, 90.62, 
9076106.00, 85.31, 
9076114.00, 79.77, 
9076122.00, 74.38, 
9076131.00, 68.85, 
9076140.00, 63.35, 
9076148.00, 57.86, 
9076157.00, 52.40, 
9076165.00, 46.93, 
9076174.00, 41.37, 
9076183.00, 35.73, 
9076191.00, 30.10, 
9076200.00, 24.39, 
9076208.00, 18.61, 
9076216.00, 12.87, 
9076226.00, 6.98, 
9076234.00, 1.07, 
9076242.00, -4.73, 
9076251.00, -10.41, 
9076259.00, -16.14, 
9076269.00, -21.85, 
9076277.00, -27.34, 
9076285.00, -32.85, 
9076294.00, -38.46, 
9076302.00, -44.02, 
9076311.00, -49.43, 
9076320.00, -55.01, 
9076328.00, -60.52, 
9076337.00, -65.94, 
9076345.00, -71.45, 
9076354.00, -76.95, 
9076363.00, -82.31, 
9076371.00, -87.49, 
9076379.00, -92.68, 
9076388.00, -97.90, 
9076397.00, -102.95, 
9076406.00, -107.97, 
9076414.00, -112.42, 
9076422.00, -117.35, 
9076431.00, -121.79, 
9076440.00, -126.38, 
9076448.00, -130.81, 
9076457.00, -135.24, 
9076465.00, -139.48, 
9076473.00, -143.74, 
9076483.00, -147.83, 
9076491.00, -151.84, 
9076500.00, -155.62, 
9076508.00, -159.33, 
9076516.00, -162.84, 
9076526.00, -166.04, 
9076534.00, -169.10, 
9076542.00, -172.01, 
9076551.00, -174.91, 
9076559.00, -177.55, 
9076568.00, -179.98, 
9076577.00, -182.39, 
9076585.00, -184.56, 
9076594.00, -186.50, 
9076602.00, -188.35, 
9076611.00, -190.06, 
9076620.00, -191.66, 
9076628.00, -193.07, 
9076636.00, -194.23, 
9076645.00, -195.18, 
9076654.00, -195.96, 
9076662.00, -196.61, 
9076671.00, -196.85, 
9076679.00, -196.59, 
9076688.00, -196.05, 
9076697.00, -195.28, 
9076705.00, -194.48, 
9076714.00, -193.35, 
9076722.00, -191.78, 
9076731.00, -190.34, 
9076740.00, -189.00, 
9076748.00, -187.39, 
9076757.00, -185.44, 
9076765.00, -183.39, 
9076773.00, -181.40, 
9076783.00, -179.20, 
9076791.00, -176.71, 
9076799.00, -174.08, 
9076808.00, -171.40, 
9076816.00, -168.51, 
9076826.00, -165.14, 
9076834.00, -161.48, 
9076842.00, -157.78, 
9076851.00, -153.94, 
9076859.00, -149.77, 
9076868.00, -145.53, 
9076877.00, -141.22, 
9076887.00, -136.97, 
9076895.00, -132.62, 
9076904.00, -128.29, 
9076913.00, -124.01,
